"","objectId","event","unixtime","m_PM1_CF1","m_PM1_ATM","m_PM1_b","m_PM25_CF1","m_PM25_ATM","m_PM25_b","m_PM4_b","m_PM10_CF1","m_PM10_ATM","m_PM10_b","n_PM03_P","n_PM05_P","n_PM05_b","n_PM1_P","n_PM1_b","n_PM25_P","n_PM25_b","n_PM4_b","tempC_pms","rh_pms","n_PM10_b","typ_size_b","temp_C","tempC_sen5x","rh","rh_sen5x","o3","vocIdx","noxIdx","lat","lon","alt","sats","counter","moos","ver","coreid","published_at","createdAt","updatedAt","date"
"1","KvH01vocLc","MOOSPMv3Parser",1790294400,9,9,0,14,14,0,0,14,14,0,2437,570,0,93,0,9,0,0,36,10,0,2,38,42,21,21,44.982,28,1,36.187492,-119.822105,38.754002,9,600,58,3,"e00fce68e739ecbcf9e91965",2026-09-25 00:00:02.049,2026-09-25 00:00:02.28,2026-09-25 00:00:02.28,2026-09-25
"2","Z8ptcOuskb","MOOSPMv3Parser",1790294401,7,7,6,11,11,6,6,12,12,6,1413,431,227575,67,43,7,43,43,0,0,43,0,37,38,23,25,31.454,55,108,36.433582,-119.923355,19.679001,7,600,58,3,"e00fce6876826e255108c6bd",2026-09-25 00:00:02.558,2026-09-25 00:00:02.92,2026-09-25 00:00:02.92,2026-09-25
"3","cGkEswpPgK","MOOSPMv3Parser",1790294400,11,11,5,14,14,5,5,15,15,5,2957,582,83581,76,37,4,38,38,35,14,38,0,37,40,23,23,62.345,36,1,36.503059,-120.325417,46.561001,0,600,58,3,"e00fce68e77e43df92405fdb",2026-09-25 00:00:02.45,2026-09-25 00:00:03.002,2026-09-25 00:00:03.002,2026-09-25
"4","BIqHWlFEMM","MOOSPMv3Parser",1790294401,17,17,8,23,23,8,8,24,24,8,3181,858,281184,131,60,6,60,60,32,15,60,0,36,36,24,26,46.22,10,1,35.949379,-119.049965,107.352997,6,600,58,3,"e00fce6808784ceaf209f949",2026-09-25 00:00:02.883,2026-09-25 00:00:03.686,2026-09-25 00:00:03.686,2026-09-25
"5","hBUkION6mu","MOOSPMv3Parser",1790294401,0,0,2,1,1,2,3,2,2,3,371,250,61861,30,17,1,17,17,36,22,17,0,38,41,20,19,30.032,60,1,36.19878,-120.104477,59.944,8,600,58,3,"e00fce686dc2ef0a68fa40b0",2026-09-25 00:00:02.908,2026-09-25 00:00:03.711,2026-09-25 00:00:03.711,2026-09-25
"6","TcYZEuBMFU","MOOSPMv3Parser",1790294401,7,7,7,14,14,8,8,15,15,8,699,550,145951,87,58,5,58,58,37,21,58,0,39,41,20,21,36.43,29,1,35.96312,-119.291801,48.967999,7,600,58,3,"e00fce68d6b773b56ce8baa0",2026-09-25 00:00:03.687,2026-09-25 00:00:04.224,2026-09-25 00:00:04.224,2026-09-25
"7","dEYyHpAGgV","MOOSPMv3Parser",1790294400,14,14,9,20,20,9,9,20,20,9,3376,730,185767,112,69,7,69,69,34,17,69,0,37,39,24,25,58.015,13,2,35.775043,-119.238579,73.587997,8,600,58,3,"e00fce68e88237db75a60608",2026-09-25 00:00:04.726,2026-09-25 00:00:05.005,2026-09-25 00:00:05.005,2026-09-25
"8","tURBAmbaVE","MOOSPMv3Parser",1790294400,0,0,1,0,0,1,1,0,0,1,411,73,331526,9,7,0,7,7,36,6,7,0,44,42,12,16,512.528,91,1,36.138958,-120.368324,182.106995,7,600,58,3,"e00fce6850cac69f647dc199",2026-09-25 00:00:04.762,2026-09-25 00:00:05.177,2026-09-25 00:00:05.177,2026-09-25
"9","o5ZFmDufzC","MOOSPMv3Parser",1790294401,7,7,0,10,10,0,0,10,10,0,1515,416,219311,64,0,4,0,0,37,9,0,0,40,44,18,18,48.733,69,3277,6.4e-05,0.002307,13161.265625,9,600,58,3,"e00fce68e28dcbc9a589be10",2026-09-25 00:00:09.467,2026-09-25 00:00:09.672,2026-09-25 00:00:09.672,2026-09-25
"10","KP62DNZbIB","MOOSPMv3Parser",1790294400,10,10,6,13,13,6,6,13,13,6,1906,528,159248,69,45,3,45,45,32,20,45,0,35,36,25,26,47.447,20,5,36.523335,-119.278854,67.602997,7,600,58,3,"e00fce68f12da1a0c5de6248",2026-09-25 00:00:20.579,2026-09-25 00:00:20.841,2026-09-25 00:00:20.841,2026-09-25
"11","GVzO7lpq3m","MOOSPMv3Parser",1790295000,9,9,0,14,14,0,0,14,14,0,2444,569,0,93,0,6,0,0,36,10,0,2,38,41,21,21,44.753,27,1,36.187531,-119.82222,21.870001,10,600,58,3,"e00fce68e739ecbcf9e91965",2026-09-25 00:10:02.203,2026-09-25 00:10:02.363,2026-09-25 00:10:02.363,2026-09-25
"12","dIrIKqDCqu","MOOSPMv3Parser",1790295000,11,11,5,14,14,5,5,15,15,5,2881,569,83613,76,37,4,37,37,35,15,37,0,37,39,23,25,60.362,43,1,36.503124,-120.325417,50.186001,7,600,58,3,"e00fce68e77e43df92405fdb",2026-09-25 00:10:02.598,2026-09-25 00:10:02.783,2026-09-25 00:10:02.783,2026-09-25
"13","61bGy0q6lD","MOOSPMv3Parser",1790295001,6,6,5,9,9,6,6,11,11,6,1303,390,227610,60,40,4,41,41,0,0,41,0,38,38,23,25,30.649,55,107,36.433674,-119.923363,17.028999,9,600,58,3,"e00fce6876826e255108c6bd",2026-09-25 00:10:02.803,2026-09-25 00:10:02.963,2026-09-25 00:10:02.963,2026-09-25
"14","JPIx5AT25e","MOOSPMv3Parser",1790295001,15,15,7,21,21,7,7,21,21,7,2959,793,281231,120,54,5,54,54,32,16,54,0,36,36,25,27,46.643,9,2,35.949677,-119.049957,118.408997,6,600,58,3,"e00fce6808784ceaf209f949",2026-09-25 00:10:02.899,2026-09-25 00:10:03.044,2026-09-25 00:10:03.044,2026-09-25
"15","LgD5HLq6ZW","MOOSPMv3Parser",1790295001,7,7,8,14,14,8,8,15,15,8,700,548,146001,91,59,6,60,60,37,21,60,0,39,41,21,22,38.3,24,1,35.963169,-119.291832,41.325001,13,600,58,3,"e00fce68d6b773b56ce8baa0",2026-09-25 00:10:03.224,2026-09-25 00:10:03.402,2026-09-25 00:10:03.402,2026-09-25
"16","VIvhpV5P0w","MOOSPMv3Parser",1790295001,0,0,2,2,2,2,3,2,2,3,377,259,61876,32,18,2,18,18,35,24,18,0,37,40,22,21,28.539,74,1,36.198795,-120.104393,71.220001,9,600,58,3,"e00fce686dc2ef0a68fa40b0",2026-09-25 00:10:03.235,2026-09-25 00:10:03.431,2026-09-25 00:10:03.431,2026-09-25
"17","oxyzJclgAJ","MOOSPMv3Parser",1790295000,0,0,1,0,0,1,1,0,0,1,432,77,331530,11,8,1,8,8,36,7,8,0,44,41,14,18,512.561,113,1,36.138988,-120.368332,164.328003,7,600,58,3,"e00fce6850cac69f647dc199",2026-09-25 00:10:03.798,2026-09-25 00:10:03.965,2026-09-25 00:10:03.965,2026-09-25
"18","y4NmCKcVhZ","MOOSPMv3Parser",1790295000,10,10,6,13,13,6,6,14,14,6,1886,520,159288,73,47,3,47,47,32,21,47,0,35,36,25,27,47.375,20,5,36.5233,-119.278839,110.376999,7,600,58,3,"e00fce68f12da1a0c5de6248",2026-09-25 00:10:04.305,2026-09-25 00:10:04.48,2026-09-25 00:10:04.48,2026-09-25
"19","Z6d1AK5Guk","MOOSPMv3Parser",1790295000,15,15,9,21,21,9,9,22,22,9,3591,768,185829,127,70,9,70,70,34,16,71,0,37,39,23,25,56.776,12,2,35.77507,-119.238548,68.718002,9,600,58,3,"e00fce68e88237db75a60608",2026-09-25 00:10:04.827,2026-09-25 00:10:05.004,2026-09-25 00:10:05.004,2026-09-25
"20","q9uYuE02Ml","MOOSPMv3Parser",1790295001,6,6,0,9,9,0,0,10,10,0,1437,397,219311,62,0,3,0,0,37,9,0,0,40,43,18,18,48.258,57,3277,6.4e-05,0.002307,13161.265625,9,600,58,3,"e00fce68e28dcbc9a589be10",2026-09-25 00:10:09.558,2026-09-25 00:10:09.75,2026-09-25 00:10:09.75,2026-09-25
"21","J2w6HsTJn0","MOOSPMv3Parser",1790295600,9,9,0,14,14,0,0,15,15,0,2403,583,0,92,0,7,0,0,36,10,0,2,38,41,22,22,44.898,23,1,36.187489,-119.822075,23.466,10,600,58,3,"e00fce68e739ecbcf9e91965",2026-09-25 00:20:02.272,2026-09-25 00:20:02.485,2026-09-25 00:20:02.485,2026-09-25
"22","mix1jtEYJA","MOOSPMv3Parser",1790295600,11,11,5,14,14,5,5,15,15,5,2948,578,83647,75,39,4,39,39,35,15,39,0,38,39,24,26,60.465,43,1,36.503124,-120.325447,59.098,10,600,58,3,"e00fce68e77e43df92405fdb",2026-09-25 00:20:02.456,2026-09-25 00:20:02.647,2026-09-25 00:20:02.647,2026-09-25
"23","AV2DmdPlZB","MOOSPMv3Parser",1790295601,7,7,5,11,11,6,6,12,12,6,1382,422,227643,66,41,6,41,41,0,0,41,0,37,38,25,27,32.337,55,119,36.43362,-119.923439,20.860001,9,600,58,3,"e00fce6876826e255108c6bd",2026-09-25 00:20:02.729,2026-09-25 00:20:02.881,2026-09-25 00:20:02.881,2026-09-25
"24","odcJ7tdTnv","MOOSPMv3Parser",1790295601,16,16,7,23,23,8,8,23,23,8,3138,850,281280,132,57,6,57,57,32,16,57,0,36,36,25,27,47.097,9,2,35.94952,-119.04998,111.777,9,600,58,3,"e00fce6808784ceaf209f949",2026-09-25 00:20:02.986,2026-09-25 00:20:03.195,2026-09-25 00:20:03.195,2026-09-25
"25","YjXwnCjGvj","MOOSPMv3Parser",1790295601,1,1,2,3,3,2,2,3,3,2,415,287,61891,35,18,2,18,18,34,23,18,0,37,40,22,21,30.079,47,1,36.198639,-120.104439,78.163002,7,600,58,3,"e00fce686dc2ef0a68fa40b0",2026-09-25 00:20:03.731,2026-09-25 00:20:03.915,2026-09-25 00:20:03.915,2026-09-25
"26","DV21lFgecs","MOOSPMv3Parser",1790295601,6,6,7,11,11,7,7,13,13,7,647,501,146047,80,55,6,56,56,36,22,56,0,38,41,22,22,39.518,22,1,35.963177,-119.291824,54.886002,11,600,58,3,"e00fce68d6b773b56ce8baa0",2026-09-25 00:20:04.007,2026-09-25 00:20:04.258,2026-09-25 00:20:04.258,2026-09-25
"27","eg1cGmv58v","MOOSPMv3Parser",1790295600,0,0,1,1,1,1,1,1,1,1,474,95,331538,13,9,1,9,9,35,7,9,0,43,41,13,18,512.676,102,1,36.13916,-120.368416,162.735992,6,600,58,3,"e00fce6850cac69f647dc199",2026-09-25 00:20:04.119,2026-09-25 00:20:04.31,2026-09-25 00:20:04.31,2026-09-25
"28","taOVU5jahM","MOOSPMv3Parser",1790295600,10,10,6,13,13,6,6,13,13,6,1847,512,159328,71,45,3,45,45,32,20,45,0,35,36,25,26,47.868,18,6,36.523354,-119.278992,79.367996,6,600,58,3,"e00fce68f12da1a0c5de6248",2026-09-25 00:20:04.609,2026-09-25 00:20:04.807,2026-09-25 00:20:04.807,2026-09-25
"29","9eh2BiKPeT","MOOSPMv3Parser",1790295600,15,15,9,22,22,10,10,22,22,10,3633,792,185890,125,71,8,71,71,34,15,71,0,37,39,22,24,55.143,14,2,35.775063,-119.238525,70.532997,8,600,58,3,"e00fce68e88237db75a60608",2026-09-25 00:20:04.676,2026-09-25 00:20:04.902,2026-09-25 00:20:04.902,2026-09-25
"30","ix2maLEz11","MOOSPMv3Parser",1790295601,6,6,0,8,8,0,0,8,8,0,1368,376,219311,52,0,2,0,0,36,10,0,0,40,42,18,18,48.524,51,3277,6.4e-05,0.002307,13161.265625,9,600,58,3,"e00fce68e28dcbc9a589be10",2026-09-25 00:20:09.702,2026-09-25 00:20:09.868,2026-09-25 00:20:09.868,2026-09-25
"31","Yfa8916Mwe","MOOSPMv3Parser",1790296200,9,9,0,14,14,0,0,15,15,0,2486,591,0,93,0,6,0,0,35,10,0,2,38,41,21,22,45.807,19,1,36.187473,-119.822235,24.723,8,600,58,3,"e00fce68e739ecbcf9e91965",2026-09-25 00:30:02.129,2026-09-25 00:30:02.281,2026-09-25 00:30:02.281,2026-09-25
"32","174elQPAex","MOOSPMv3Parser",1790296200,11,11,5,14,14,5,5,14,14,5,2865,566,83680,71,37,3,38,38,34,20,38,0,36,39,31,30,57.165,84,1,36.503159,-120.325417,53.959999,12,600,58,3,"e00fce68e77e43df92405fdb",2026-09-25 00:30:02.471,2026-09-25 00:30:02.612,2026-09-25 00:30:02.612,2026-09-25
"33","ugcJJWCPFY","MOOSPMv3Parser",1790296201,16,16,7,22,22,7,7,22,22,7,3000,813,281328,127,53,5,54,54,32,16,54,0,36,36,26,27,46.071,9,2,35.94957,-119.049995,116.602997,9,600,58,3,"e00fce6808784ceaf209f949",2026-09-25 00:30:02.972,2026-09-25 00:30:03.13,2026-09-25 00:30:03.13,2026-09-25
"34","8skYRDlkzH","MOOSPMv3Parser",1790296201,8,8,6,12,12,6,6,13,13,6,1543,470,227683,74,46,7,46,46,0,0,46,0,37,38,26,28,33.295,56,122,36.433628,-119.923378,33.169998,10,600,58,3,"e00fce6876826e255108c6bd",2026-09-25 00:30:02.968,2026-09-25 00:30:03.153,2026-09-25 00:30:03.153,2026-09-25
"35","dIpGM9zWYv","MOOSPMv3Parser",1790296201,5,5,6,10,10,7,7,11,11,7,631,485,146089,79,51,6,51,51,36,22,51,0,38,40,22,23,38.877,18,1,35.963177,-119.291824,54.888,0,600,58,3,"e00fce68d6b773b56ce8baa0",2026-09-25 00:30:03.207,2026-09-25 00:30:03.394,2026-09-25 00:30:03.394,2026-09-25
"36","pfxpoAR6C4","MOOSPMv3Parser",1790296201,0,0,2,2,2,2,2,2,2,2,369,247,61906,31,17,2,17,17,34,23,17,0,37,39,21,21,28.865,36,1,36.198792,-120.104469,70.052002,9,600,58,3,"e00fce686dc2ef0a68fa40b0",2026-09-25 00:30:04.053,2026-09-25 00:30:04.211,2026-09-25 00:30:04.211,2026-09-25
"37","PKvBE2ueri","MOOSPMv3Parser",1790296200,0,0,1,1,1,1,1,1,1,1,538,114,331550,18,10,1,10,10,35,7,10,0,43,40,14,18,512.66,81,1,36.13895,-120.368408,199.050003,7,600,58,3,"e00fce6850cac69f647dc199",2026-09-25 00:30:04.502,2026-09-25 00:30:04.692,2026-09-25 00:30:04.692,2026-09-25
"38","gsyKXm3NnP","MOOSPMv3Parser",1790296200,15,15,10,22,22,10,10,22,22,10,3514,783,185956,130,75,8,75,75,34,16,75,0,37,38,23,24,54.225,15,2,35.77504,-119.238525,76.713997,7,600,58,3,"e00fce68e88237db75a60608",2026-09-25 00:30:04.738,2026-09-25 00:30:04.925,2026-09-25 00:30:04.925,2026-09-25
"39","LpgqvY3vP7","MOOSPMv3Parser",1790296200,10,10,6,13,13,6,6,13,13,6,1870,513,159369,73,47,3,47,47,31,21,47,0,35,36,25,27,46.932,20,6,36.523285,-119.278862,66.681,8,600,58,3,"e00fce68f12da1a0c5de6248",2026-09-25 00:30:07.544,2026-09-25 00:30:07.75,2026-09-25 00:30:07.75,2026-09-25
"40","azaxEAxZlA","MOOSPMv3Parser",1790296201,6,6,0,9,9,0,0,9,9,0,1429,393,219311,60,0,2,0,0,36,11,0,0,39,42,20,20,45.695,74,3277,6.4e-05,0.002307,13161.265625,9,600,58,3,"e00fce68e28dcbc9a589be10",2026-09-25 00:30:09.552,2026-09-25 00:30:09.703,2026-09-25 00:30:09.703,2026-09-25
"41","O5cXQLYtJt","MOOSPMv3Parser",1790296800,9,9,0,15,15,0,0,16,16,0,2505,606,0,98,0,9,0,0,35,10,0,2,37,40,22,22,45.289,31,2,36.187481,-119.822098,17.408001,6,600,58,3,"e00fce68e739ecbcf9e91965",2026-09-25 00:40:02.216,2026-09-25 00:40:02.395,2026-09-25 00:40:02.395,2026-09-25
"42","7D4dB3vnNe","MOOSPMv3Parser",1790296800,11,11,5,14,14,5,5,15,15,5,2980,586,83712,78,37,3,38,38,34,20,38,0,36,39,31,31,56.261,80,1,36.503155,-120.325409,57.511002,11,600,58,3,"e00fce68e77e43df92405fdb",2026-09-25 00:40:02.475,2026-09-25 00:40:02.691,2026-09-25 00:40:02.691,2026-09-25
"43","DSR43Pdhv9","MOOSPMv3Parser",1790296801,15,15,7,20,20,7,7,21,21,7,2826,762,281376,114,53,5,53,53,32,17,53,0,35,36,26,27,44.982,11,2,35.949612,-119.050011,111.945999,7,600,58,3,"e00fce6808784ceaf209f949",2026-09-25 00:40:02.909,2026-09-25 00:40:03.074,2026-09-25 00:40:03.074,2026-09-25
"44","4e43EW00D0","MOOSPMv3Parser",1790296801,8,8,6,12,12,6,6,13,13,6,1558,472,227726,71,48,6,48,48,0,0,48,0,37,38,26,28,33.316,56,116,36.433628,-119.923378,33.164001,0,600,58,3,"e00fce6876826e255108c6bd",2026-09-25 00:40:02.891,2026-09-25 00:40:03.102,2026-09-25 00:40:03.102,2026-09-25
"45","CARDquvmiW","MOOSPMv3Parser",1790296801,0,0,2,1,1,2,2,2,2,2,362,242,61920,32,17,2,17,17,34,24,17,0,37,39,23,22,27.744,55,1,36.198807,-120.104431,65.940002,9,600,58,3,"e00fce686dc2ef0a68fa40b0",2026-09-25 00:40:02.918,2026-09-25 00:40:03.138,2026-09-25 00:40:03.138,2026-09-25
"46","Z53pNJWEDK","MOOSPMv3Parser",1790296800,10,10,6,14,14,6,6,14,14,6,1994,550,159412,79,48,3,49,49,31,23,49,0,34,36,27,29,47.24,19,7,36.523285,-119.278862,66.683998,0,600,58,3,"e00fce68f12da1a0c5de6248",2026-09-25 00:40:03.101,2026-09-25 00:40:03.299,2026-09-25 00:40:03.299,2026-09-25
"47","4W0OYOhVAq","MOOSPMv3Parser",1790296801,5,5,6,10,10,7,7,11,11,7,603,469,146131,79,50,7,50,50,36,23,50,0,38,40,22,23,38.635,19,1,35.963184,-119.291855,46.591999,10,600,58,3,"e00fce68d6b773b56ce8baa0",2026-09-25 00:40:03.543,2026-09-25 00:40:03.692,2026-09-25 00:40:03.692,2026-09-25
"48","AAe5pmMH5f","MOOSPMv3Parser",1790296800,1,1,2,2,2,2,2,2,2,2,608,129,331565,20,12,1,12,12,34,7,12,0,42,40,14,18,512.742,60,1,36.139088,-120.368164,167.979996,8,600,58,3,"e00fce6850cac69f647dc199",2026-09-25 00:40:03.638,2026-09-25 00:40:03.882,2026-09-25 00:40:03.882,2026-09-25
"49","m28qKCAUmX","MOOSPMv3Parser",1790296800,16,16,9,23,23,10,10,23,23,10,3585,820,186019,132,73,9,73,73,33,16,73,0,37,38,23,25,54.525,16,2,35.77504,-119.238525,76.718002,0,600,58,3,"e00fce68e88237db75a60608",2026-09-25 00:40:04.673,2026-09-25 00:40:04.869,2026-09-25 00:40:04.869,2026-09-25
"50","jiRyCfmNAJ","MOOSPMv3Parser",1790296801,6,6,0,8,8,0,0,9,9,0,1341,376,219311,54,0,2,0,0,36,10,0,0,39,41,19,19,46.608,75,3277,6.4e-05,0.002307,13161.265625,9,600,58,3,"e00fce68e28dcbc9a589be10",2026-09-25 00:40:09.635,2026-09-25 00:40:09.8,2026-09-25 00:40:09.8,2026-09-25
"51","guWnnSMYRy","MOOSPMv3Parser",1790297400,10,10,0,15,15,0,0,16,16,0,2618,636,0,98,0,9,0,0,35,11,0,2,37,40,23,23,45.914,27,2,36.187485,-119.822159,30.079,7,600,58,3,"e00fce68e739ecbcf9e91965",2026-09-25 00:50:02.133,2026-09-25 00:50:02.283,2026-09-25 00:50:02.283,2026-09-25
"52","ftXeZreWJz","MOOSPMv3Parser",1790297400,11,11,5,15,15,5,5,16,16,5,2951,599,83745,80,38,4,39,39,33,25,39,0,35,38,34,34,46.358,150,1,36.503128,-120.325447,55.009998,8,600,58,3,"e00fce68e77e43df92405fdb",2026-09-25 00:50:02.643,2026-09-25 00:50:02.797,2026-09-25 00:50:02.797,2026-09-25
"53","q8D34QPdLs","MOOSPMv3Parser",1790297401,8,8,6,12,12,7,7,14,14,7,1526,467,227767,76,48,7,48,49,0,0,49,0,36,37,26,29,33.433,56,110,36.433651,-119.923332,29.108,8,600,58,3,"e00fce6876826e255108c6bd",2026-09-25 00:50:02.91,2026-09-25 00:50:03.06,2026-09-25 00:50:03.06,2026-09-25
"54","4HgvogTZ4G","MOOSPMv3Parser",1790297401,14,14,7,19,19,7,7,20,20,7,2765,743,281423,115,53,5,53,53,32,17,53,0,35,36,27,28,42.747,16,2,35.949612,-119.050011,111.946999,0,600,58,3,"e00fce6808784ceaf209f949",2026-09-25 00:50:02.946,2026-09-25 00:50:03.098,2026-09-25 00:50:03.098,2026-09-25
"55","mxAMqAA5eZ","MOOSPMv3Parser",1790297401,0,0,2,2,2,2,2,2,2,2,383,260,61934,34,17,2,17,18,34,24,18,0,36,38,23,22,27.923,47,1,36.198895,-120.104469,77.897003,11,600,58,3,"e00fce686dc2ef0a68fa40b0",2026-09-25 00:50:03.102,2026-09-25 00:50:03.353,2026-09-25 00:50:03.353,2026-09-25
"56","Aew8dt3MbQ","MOOSPMv3Parser",1790297400,11,11,7,15,15,7,7,16,16,7,2095,580,159460,88,54,4,54,54,31,23,54,0,34,35,28,29,45.594,28,7,36.523266,-119.278877,82.964996,7,600,58,3,"e00fce68f12da1a0c5de6248",2026-09-25 00:50:03.153,2026-09-25 00:50:03.375,2026-09-25 00:50:03.375,2026-09-25
"57","Sy0FzslF1k","MOOSPMv3Parser",1790297401,6,6,7,12,12,7,7,14,14,7,650,504,146178,87,56,7,56,56,36,23,56,0,38,40,23,23,38.997,20,1,35.963142,-119.291862,49.731998,13,600,58,3,"e00fce68d6b773b56ce8baa0",2026-09-25 00:50:03.368,2026-09-25 00:50:03.557,2026-09-25 00:50:03.557,2026-09-25
"58","Au9CgpGqJA","MOOSPMv3Parser",1790297400,1,1,2,2,2,2,2,2,2,2,685,149,331581,23,14,1,15,15,34,9,15,0,41,39,16,20,512.681,50,1,36.138927,-120.368332,188.699005,7,600,58,3,"e00fce6850cac69f647dc199",2026-09-25 00:50:04.024,2026-09-25 00:50:04.213,2026-09-25 00:50:04.213,2026-09-25
"59","C26uI7nD4C","MOOSPMv3Parser",1790297400,16,16,10,22,22,10,10,23,23,10,3588,830,186085,128,75,8,75,75,33,17,75,0,37,38,24,26,52.608,19,2,35.775063,-119.238487,61.464001,7,600,58,3,"e00fce68e88237db75a60608",2026-09-25 00:50:04.682,2026-09-25 00:50:04.983,2026-09-25 00:50:04.983,2026-09-25
"60","GyYY9Lm2oO","MOOSPMv3Parser",1790297401,6,6,0,9,9,0,0,9,9,0,1376,384,219311,56,0,2,0,0,35,13,0,0,38,41,23,23,44.669,72,3277,6.4e-05,0.002307,13161.265625,9,600,58,3,"e00fce68e28dcbc9a589be10",2026-09-25 00:50:09.47,2026-09-25 00:50:09.636,2026-09-25 00:50:09.636,2026-09-25
"61","hS78D2T2CD","MOOSPMv3Parser",1790298000,10,10,0,15,15,0,0,16,16,0,2470,605,0,97,0,8,0,0,34,11,0,2,37,39,23,23,44.067,21,3,36.187485,-119.822159,30.076,0,600,58,3,"e00fce68e739ecbcf9e91965",2026-09-25 01:00:02.217,2026-09-25 01:00:02.476,2026-09-25 01:00:02.476,2026-09-25
"62","KlAZNMCNtZ","MOOSPMv3Parser",1790298001,8,8,7,13,13,7,8,15,15,8,1597,487,227813,80,51,10,51,51,0,0,51,0,36,37,28,30,33.037,57,102,36.433762,-119.923439,33.349998,9,600,58,3,"e00fce6876826e255108c6bd",2026-09-25 01:00:02.804,2026-09-25 01:00:03.183,2026-09-25 01:00:03.183,2026-09-25
"63","cnD9dXnreE","MOOSPMv3Parser",1790298000,11,11,5,15,15,6,6,15,15,6,2866,602,83781,78,41,4,41,41,32,21,41,0,35,37,31,30,53.299,118,1,36.503132,-120.325455,66.033997,9,600,58,3,"e00fce68e77e43df92405fdb",2026-09-25 01:00:03.027,2026-09-25 01:00:03.414,2026-09-25 01:00:03.414,2026-09-25
"64","BY90AMpH7q","MOOSPMv3Parser",1790298001,14,14,6,19,19,7,7,19,19,7,2640,708,281467,110,50,5,50,50,32,18,50,0,35,36,28,28,40.399,26,1,35.949623,-119.050026,119.236,8,600,58,3,"e00fce6808784ceaf209f949",2026-09-25 01:00:02.903,2026-09-25 01:00:03.644,2026-09-25 01:00:03.644,2026-09-25
"65","mLCpTcRyBA","MOOSPMv3Parser",1790298001,5,5,7,9,9,7,7,10,10,7,604,469,146223,75,53,6,53,53,35,23,53,0,38,39,23,24,37.326,21,1,35.963158,-119.291847,44.924999,15,600,58,3,"e00fce68d6b773b56ce8baa0",2026-09-25 01:00:03.521,2026-09-25 01:00:03.715,2026-09-25 01:00:03.715,2026-09-25
"66","qK6SfDJ4he","MOOSPMv3Parser",1790298001,0,0,2,2,2,3,3,2,2,3,384,263,61950,33,19,2,19,19,33,24,19,0,36,38,23,22,27.887,48,1,36.198803,-120.104477,86.905998,9,600,58,3,"e00fce686dc2ef0a68fa40b0",2026-09-25 01:00:03.554,2026-09-25 01:00:03.738,2026-09-25 01:00:03.738,2026-09-25
"67","qk8VJP0xu2","MOOSPMv3Parser",1790298000,1,1,2,3,3,2,2,3,3,2,719,160,331597,25,16,2,17,17,33,9,17,0,40,38,17,21,512.692,49,1,36.138985,-120.368385,176.078995,7,600,58,3,"e00fce6850cac69f647dc199",2026-09-25 01:00:04.105,2026-09-25 01:00:04.317,2026-09-25 01:00:04.317,2026-09-25
"68","vFQJx021aX","MOOSPMv3Parser",1790298000,16,16,10,23,23,10,10,24,24,10,3574,835,186153,139,78,8,78,78,33,17,78,0,36,38,24,26,53.23,26,2,35.775063,-119.23864,77.143997,8,600,58,3,"e00fce68e88237db75a60608",2026-09-25 01:00:04.75,2026-09-25 01:00:04.911,2026-09-25 01:00:04.911,2026-09-25
"69","35DeSrjoJv","MOOSPMv3Parser",1790298001,7,7,0,10,10,0,0,10,10,0,1562,434,219311,64,0,3,0,0,34,14,0,0,37,40,24,23,41.475,129,3277,6.4e-05,0.002307,13161.265625,9,600,58,3,"e00fce68e28dcbc9a589be10",2026-09-25 01:00:09.396,2026-09-25 01:00:09.617,2026-09-25 01:00:09.617,2026-09-25
"70","QQ6n3mIjdG","MOOSPMv3Parser",1790298000,11,11,8,16,16,9,9,16,16,9,2139,591,159514,91,62,4,63,63,31,24,63,0,34,35,29,30,45.983,33,7,36.523434,-119.278854,83.991997,9,600,58,3,"e00fce68f12da1a0c5de6248",2026-09-25 01:00:20.256,2026-09-25 01:00:20.419,2026-09-25 01:00:20.419,2026-09-25
"71","Z85ObH7V86","MOOSPMv3Parser",1790298600,10,10,0,14,14,0,0,15,15,0,2384,588,0,94,0,9,0,0,34,12,0,2,36,39,24,24,43.186,25,3,36.187504,-119.822044,35.886002,13,600,58,3,"e00fce68e739ecbcf9e91965",2026-09-25 01:10:02.359,2026-09-25 01:10:02.54,2026-09-25 01:10:02.54,2026-09-25
"72","h8cY2MJMZj","MOOSPMv3Parser",1790298600,12,12,5,15,15,5,5,16,16,5,2942,617,83817,81,41,4,41,41,-10,-10,41,0,34,36,30,30,59.605,40,1,36.503082,-120.325417,53.075001,9,600,58,3,"e00fce68e77e43df92405fdb",2026-09-25 01:10:02.566,2026-09-25 01:10:02.736,2026-09-25 01:10:02.736,2026-09-25
"73","GjirqdKTqO","MOOSPMv3Parser",1790298601,8,8,7,13,13,8,8,16,16,9,1586,482,227857,83,50,13,51,51,0,0,51,1,35,37,31,32,31.163,57,69,36.433571,-119.92337,29.285,10,600,58,3,"e00fce6876826e255108c6bd",2026-09-25 01:10:02.804,2026-09-25 01:10:02.973,2026-09-25 01:10:02.973,2026-09-25
"74","NJVUzxgmtt","MOOSPMv3Parser",1790298601,12,12,6,17,17,6,6,18,18,6,2468,660,281507,100,46,5,46,46,32,18,46,0,35,36,27,28,39.775,29,1,35.949638,-119.050072,113.869003,8,600,58,3,"e00fce6808784ceaf209f949",2026-09-25 01:10:02.947,2026-09-25 01:10:03.126,2026-09-25 01:10:03.126,2026-09-25
"75","kRJrEHZmFr","MOOSPMv3Parser",1790298601,5,5,6,9,9,7,7,10,10,7,585,451,146264,74,50,7,50,50,35,23,50,0,37,39,23,24,36.268,27,1,35.963116,-119.291832,47.717999,11,600,58,3,"e00fce68d6b773b56ce8baa0",2026-09-25 01:10:03.226,2026-09-25 01:10:03.492,2026-09-25 01:10:03.492,2026-09-25
"76","OwVGiU3K9l","MOOSPMv3Parser",1790298601,1,1,3,3,3,3,3,4,4,3,430,301,61968,40,21,2,21,21,33,26,21,0,36,38,25,25,30.298,36,1,36.198803,-120.104477,86.905998,0,600,58,3,"e00fce686dc2ef0a68fa40b0",2026-09-25 01:10:03.789,2026-09-25 01:10:03.949,2026-09-25 01:10:03.949,2026-09-25
"77","rGhxr8mq7A","MOOSPMv3Parser",1790298600,2,2,2,3,3,2,2,4,4,2,709,163,331614,25,17,1,17,17,33,10,17,0,39,38,17,21,512.726,48,1,36.139027,-120.368385,169.289993,9,600,58,3,"e00fce6850cac69f647dc199",2026-09-25 01:10:04.671,2026-09-25 01:10:04.865,2026-09-25 01:10:04.865,2026-09-25
"78","sPfJR4AWNi","MOOSPMv3Parser",1790298600,16,16,10,23,23,10,10,24,24,10,3517,824,186219,131,76,10,76,76,33,19,76,0,36,37,26,27,53.653,36,2,35.775021,-119.238548,75.136002,12,600,58,3,"e00fce68e88237db75a60608",2026-09-25 01:10:04.749,2026-09-25 01:10:04.896,2026-09-25 01:10:04.896,2026-09-25
"79","s6YoelS14v","MOOSPMv3Parser",1790298600,12,12,7,16,16,7,7,16,16,7,2174,606,159562,90,54,3,54,54,30,28,54,0,33,35,33,33,43.171,40,7,36.523346,-119.278793,80.771004,7,600,58,3,"e00fce68f12da1a0c5de6248",2026-09-25 01:10:07.296,2026-09-25 01:10:07.45,2026-09-25 01:10:07.45,2026-09-25
"80","5sQaCNve87","MOOSPMv3Parser",1790298601,7,7,0,10,10,0,0,10,10,0,1535,429,219311,65,0,3,0,0,34,15,0,0,36,39,26,25,39.253,135,3277,6.4e-05,0.002307,13161.265625,9,600,58,3,"e00fce68e28dcbc9a589be10",2026-09-25 01:10:09.564,2026-09-25 01:10:09.762,2026-09-25 01:10:09.762,2026-09-25
"81","o3bmSLDmK2","MOOSPMv3Parser",1790299200,10,10,0,15,15,0,0,16,16,0,2421,602,0,101,0,9,0,0,33,13,0,2,35,38,25,25,42.487,37,4,36.187504,-119.82206,28.424999,11,600,58,3,"e00fce68e739ecbcf9e91965",2026-09-25 01:20:02.45,2026-09-25 01:20:02.669,2026-09-25 01:20:02.669,2026-09-25
"82","r2ULbwSTYS","MOOSPMv3Parser",1790299201,9,9,7,14,14,9,11,16,16,11,1617,497,227904,88,55,13,57,57,1,1,57,1,35,37,32,32,28.85,57,48,36.43367,-119.923386,42.112999,10,600,58,3,"e00fce6876826e255108c6bd",2026-09-25 01:20:02.884,2026-09-25 01:20:03.037,2026-09-25 01:20:03.037,2026-09-25
"83","j2YjgB97ii","MOOSPMv3Parser",1790299201,3,3,3,5,5,4,4,5,5,4,502,363,61990,49,26,3,27,27,33,27,27,0,35,37,27,26,38.876,61,1,36.198898,-120.104424,87.783997,10,600,58,3,"e00fce686dc2ef0a68fa40b0",2026-09-25 01:20:03.013,2026-09-25 01:20:03.161,2026-09-25 01:20:03.161,2026-09-25
"84","vae3KoIJG1","MOOSPMv3Parser",1790299201,12,12,6,17,17,6,6,17,17,6,2404,642,281545,95,45,4,45,45,31,19,45,0,34,36,29,29,38.726,51,1,35.949486,-119.049896,119.660004,5,600,58,3,"e00fce6808784ceaf209f949",2026-09-25 01:20:02.975,2026-09-25 01:20:03.212,2026-09-25 01:20:03.212,2026-09-25
"85","FtonRwXcXF","MOOSPMv3Parser",1790299200,11,11,5,15,15,6,6,16,16,6,2939,621,83853,82,42,5,42,42,31,23,42,0,33,35,32,32,55.31,48,1,36.503136,-120.325386,65.737999,11,600,58,3,"e00fce68e77e43df92405fdb",2026-09-25 01:20:03.048,2026-09-25 01:20:03.259,2026-09-25 01:20:03.259,2026-09-25
"86","OA3Jadims0","MOOSPMv3Parser",1790299201,5,5,6,9,9,7,7,9,9,7,584,449,146307,74,51,6,51,51,34,24,51,0,37,39,24,25,36.469,26,1,35.963154,-119.291824,36.886002,12,600,58,3,"e00fce68d6b773b56ce8baa0",2026-09-25 01:20:03.748,2026-09-25 01:20:03.955,2026-09-25 01:20:03.955,2026-09-25
"87","rCj78TP6LL","MOOSPMv3Parser",1790299200,16,16,10,22,22,10,10,23,23,10,3544,821,186287,132,78,9,78,78,32,19,78,0,36,37,26,28,54.891,28,2,35.77499,-119.238586,73.308998,10,600,58,3,"e00fce68e88237db75a60608",2026-09-25 01:20:04.828,2026-09-25 01:20:05.014,2026-09-25 01:20:05.014,2026-09-25
"88","dDV09qNOC5","MOOSPMv3Parser",1790299200,2,2,2,3,3,2,2,4,4,2,683,159,331630,24,16,1,17,17,32,10,17,0,39,37,18,22,512.873,45,1,36.139,-120.368355,170.520996,8,600,58,3,"e00fce6850cac69f647dc199",2026-09-25 01:20:04.984,2026-09-25 01:20:05.132,2026-09-25 01:20:05.132,2026-09-25
"89","5tK41D7BZk","MOOSPMv3Parser",1790299201,7,7,0,10,10,0,0,11,11,0,1551,437,219311,71,0,4,0,0,33,15,0,0,35,38,26,25,39.705,134,3277,6.4e-05,0.002307,13161.265625,9,600,58,3,"e00fce68e28dcbc9a589be10",2026-09-25 01:20:09.784,2026-09-25 01:20:09.99,2026-09-25 01:20:09.99,2026-09-25
"90","ip0eJvUFIh","MOOSPMv3Parser",1790299200,11,11,7,15,15,8,8,16,16,8,2127,596,159611,86,57,3,57,57,30,30,57,0,32,34,36,34,37.888,86,6,36.523289,-119.278824,78.730003,10,600,58,3,"e00fce68f12da1a0c5de6248",2026-09-25 01:20:16.935,2026-09-25 01:20:17.105,2026-09-25 01:20:17.105,2026-09-25
"91","qAgMCIa9tI","MOOSPMv3Parser",1790299800,11,11,0,16,16,0,0,17,17,0,2539,635,0,107,0,9,0,0,32,14,0,2,35,37,27,27,40.406,53,6,36.187508,-119.822113,28.436001,10,600,58,3,"e00fce68e739ecbcf9e91965",2026-09-25 01:30:02.453,2026-09-25 01:30:02.657,2026-09-25 01:30:02.657,2026-09-25
"92","nCOdydRdxF","MOOSPMv3Parser",1790299800,11,11,5,15,15,6,6,16,16,6,2863,598,83890,81,43,6,43,43,31,26,43,0,32,34,37,35,47.668,109,1,36.503105,-120.325417,49.374001,10,600,58,3,"e00fce68e77e43df92405fdb",2026-09-25 01:30:02.713,2026-09-25 01:30:02.871,2026-09-25 01:30:02.871,2026-09-25
"93","52u7L1fCdf","MOOSPMv3Parser",1790299801,12,12,6,16,16,6,6,17,17,6,2368,639,281584,94,45,4,46,46,31,20,46,0,33,35,30,30,37.877,54,1,35.949459,-119.04998,111.515999,9,600,58,3,"e00fce6808784ceaf209f949",2026-09-25 01:30:02.974,2026-09-25 01:30:03.126,2026-09-25 01:30:03.126,2026-09-25
"94","A729QtIAZI","MOOSPMv3Parser",1790299801,9,9,7,14,14,11,13,18,18,14,1695,515,227950,93,54,16,57,58,0,0,58,1,34,36,32,32,27.834,58,41,36.433571,-119.923347,36.533001,8,600,58,3,"e00fce6876826e255108c6bd",2026-09-25 01:30:03.11,2026-09-25 01:30:03.289,2026-09-25 01:30:03.289,2026-09-25
"95","1GLSb7H4hf","MOOSPMv3Parser",1790299801,3,3,3,6,6,4,4,6,6,4,505,370,62012,54,27,3,27,27,33,27,27,0,35,37,28,27,37.247,69,1,36.198811,-120.104439,81.862999,11,600,58,3,"e00fce686dc2ef0a68fa40b0",2026-09-25 01:30:03.237,2026-09-25 01:30:03.426,2026-09-25 01:30:03.426,2026-09-25
"96","I1wGESQqBS","MOOSPMv3Parser",1790299801,5,5,7,10,10,8,8,11,11,8,599,464,146354,79,56,7,57,57,34,24,57,0,36,38,25,25,33.604,41,1,35.963181,-119.291832,42.904999,9,600,58,3,"e00fce68d6b773b56ce8baa0",2026-09-25 01:30:03.359,2026-09-25 01:30:03.555,2026-09-25 01:30:03.555,2026-09-25
"97","ivBxGUhq6e","MOOSPMv3Parser",1790299800,2,2,2,3,3,2,2,3,3,2,639,148,331646,21,16,1,16,16,32,10,16,0,38,36,17,22,512.914,45,1,36.139011,-120.3685,156.992004,5,600,58,3,"e00fce6850cac69f647dc199",2026-09-25 01:30:03.879,2026-09-25 01:30:04.037,2026-09-25 01:30:04.037,2026-09-25
"98","kcxxjxJLFF","MOOSPMv3Parser",1790299800,17,17,10,24,24,10,10,25,25,10,3607,853,186355,146,78,11,78,78,32,21,78,0,35,37,28,29,54.168,49,2,35.775005,-119.238564,62.883999,13,600,58,3,"e00fce68e88237db75a60608",2026-09-25 01:30:04.764,2026-09-25 01:30:04.944,2026-09-25 01:30:04.944,2026-09-25
"99","eQbucIDV64","MOOSPMv3Parser",1790299801,8,8,0,11,11,0,0,12,12,0,1606,454,219311,72,0,4,0,0,33,14,0,0,35,38,24,24,43.563,88,3277,6.4e-05,0.002307,13161.265625,9,600,58,3,"e00fce68e28dcbc9a589be10",2026-09-25 01:30:09.614,2026-09-25 01:30:09.815,2026-09-25 01:30:09.815,2026-09-25
"100","681gTCsGeL","MOOSPMv3Parser",1790299800,12,12,7,16,16,8,8,17,17,8,2285,638,159661,92,58,3,58,58,29,31,58,0,31,33,37,35,36.262,111,5,36.5233,-119.278862,80.264999,9,600,58,3,"e00fce68f12da1a0c5de6248",2026-09-25 01:30:09.907,2026-09-25 01:30:10.083,2026-09-25 01:30:10.083,2026-09-25
"101","8K0cOv3XxD","MOOSPMv3Parser",1790300400,11,11,0,16,16,0,0,17,17,0,2509,630,0,104,0,8,0,0,32,16,0,2,34,36,28,28,40.1,64,8,36.187489,-119.822105,23.028999,10,600,58,3,"e00fce68e739ecbcf9e91965",2026-09-25 01:40:02.272,2026-09-25 01:40:02.48,2026-09-25 01:40:02.48,2026-09-25
"102","K01wCQmyiI","MOOSPMv3Parser",1790300400,11,11,5,15,15,6,6,15,15,6,2894,604,83926,81,42,4,42,42,30,28,42,0,31,34,38,37,44.975,122,1,36.503109,-120.325394,51.672001,8,600,58,3,"e00fce68e77e43df92405fdb",2026-09-25 01:40:02.778,2026-09-25 01:40:02.968,2026-09-25 01:40:02.968,2026-09-25
"103","RA1m9RIHtG","MOOSPMv3Parser",1790300401,13,13,8,18,18,10,11,20,20,11,2543,689,281635,114,61,9,63,63,30,20,63,1,33,34,31,30,36.733,71,1,35.949562,-119.050026,113.266998,10,600,58,3,"e00fce6808784ceaf209f949",2026-09-25 01:40:02.902,2026-09-25 01:40:03.087,2026-09-25 01:40:03.087,2026-09-25
"104","QOULbBLv1M","MOOSPMv3Parser",1790300401,9,9,8,14,14,10,12,18,18,13,1660,504,227998,95,57,14,59,60,1,1,60,1,33,36,35,34,24.948,58,37,36.433613,-119.923317,13.064,7,600,58,3,"e00fce6876826e255108c6bd",2026-09-25 01:40:02.963,2026-09-25 01:40:03.162,2026-09-25 01:40:03.162,2026-09-25
"105","X1iFG9S0rI","MOOSPMv3Parser",1790300400,12,12,8,16,16,8,8,17,17,8,2256,629,159713,90,59,4,59,59,29,34,59,0,30,33,41,38,30.411,186,4,36.523396,-119.27877,81.814003,8,600,58,3,"e00fce68f12da1a0c5de6248",2026-09-25 01:40:03.533,2026-09-25 01:40:03.734,2026-09-25 01:40:03.734,2026-09-25
"106","qMxtCZwMIM","MOOSPMv3Parser",1790300401,4,4,3,6,6,4,4,6,6,4,530,391,62035,53,27,3,27,27,32,28,27,0,34,37,29,27,33.687,104,1,36.19886,-120.1045,96.129997,10,600,58,3,"e00fce686dc2ef0a68fa40b0",2026-09-25 01:40:03.58,2026-09-25 01:40:03.795,2026-09-25 01:40:03.795,2026-09-25
"107","UwspBpWoNY","MOOSPMv3Parser",1790300401,5,5,7,9,9,8,8,11,11,8,595,461,146402,78,57,7,57,57,34,25,57,0,35,37,26,26,27.496,106,1,35.963104,-119.291885,54.026001,11,600,58,3,"e00fce68d6b773b56ce8baa0",2026-09-25 01:40:03.604,2026-09-25 01:40:03.804,2026-09-25 01:40:03.804,2026-09-25
"108","dhOm5HNJFs","MOOSPMv3Parser",1790300400,2,2,2,3,3,2,2,3,3,2,585,131,331662,20,15,1,15,15,31,10,15,0,38,36,17,22,512.864,45,1,36.139038,-120.368546,147.373993,0,600,58,3,"e00fce6850cac69f647dc199",2026-09-25 01:40:04.126,2026-09-25 01:40:04.311,2026-09-25 01:40:04.311,2026-09-25
"109","7TZF2LFGBq","MOOSPMv3Parser",1790300400,17,17,10,24,24,11,11,25,25,11,3690,871,186427,140,82,10,82,82,31,22,82,0,34,36,29,30,53.449,57,2,35.775051,-119.238533,69.657997,10,600,58,3,"e00fce68e88237db75a60608",2026-09-25 01:40:04.772,2026-09-25 01:40:04.966,2026-09-25 01:40:04.966,2026-09-25
"110","dilu7AjsMs","MOOSPMv3Parser",1790300401,8,8,0,12,12,0,0,12,12,0,1745,493,219311,77,0,3,0,0,33,14,0,0,35,37,24,24,48.236,44,3277,6.4e-05,0.002307,13161.265625,9,600,58,3,"e00fce68e28dcbc9a589be10",2026-09-25 01:40:09.651,2026-09-25 01:40:09.838,2026-09-25 01:40:09.838,2026-09-25
"111","rqTKDwFY6N","MOOSPMv3Parser",1790301000,12,12,0,18,18,0,0,18,18,0,2555,657,0,108,0,11,0,0,31,18,0,2,34,35,29,30,37.124,95,10,36.187485,-119.822159,26.044001,11,600,58,3,"e00fce68e739ecbcf9e91965",2026-09-25 01:50:02.434,2026-09-25 01:50:02.641,2026-09-25 01:50:02.641,2026-09-25
"112","7KP83s3iCC","MOOSPMv3Parser",1790301000,13,13,6,17,17,6,6,17,17,6,3141,662,83967,89,47,5,47,47,29,30,47,0,31,33,39,39,43.758,120,1,36.503109,-120.325394,51.672001,0,600,58,3,"e00fce68e77e43df92405fdb",2026-09-25 01:50:02.859,2026-09-25 01:50:03.05,2026-09-25 01:50:03.05,2026-09-25
"113","N4YoiFdYR9","MOOSPMv3Parser",1790301001,9,9,8,16,16,13,17,21,21,19,1735,531,228044,110,59,19,63,64,1,0,65,1,32,35,36,35,23.476,58,26,36.433548,-119.923355,24.811001,5,600,58,3,"e00fce6876826e255108c6bd",2026-09-25 01:50:03.125,2026-09-25 01:50:03.31,2026-09-25 01:50:03.31,2026-09-25
"114","nxUINpYCLR","MOOSPMv3Parser",1790301001,12,12,6,17,17,7,8,18,18,8,2432,654,281675,104,48,6,49,49,30,21,49,1,32,34,31,30,31.654,131,1,35.949623,-119.04998,120.699997,8,600,58,3,"e00fce6808784ceaf209f949",2026-09-25 01:50:03.147,2026-09-25 01:50:03.324,2026-09-25 01:50:03.324,2026-09-25
"115","jNCAi2LWnu","MOOSPMv3Parser",1790301000,12,12,7,17,17,8,8,18,18,8,2343,651,159764,99,59,4,59,59,28,35,59,0,29,32,41,38,29.557,205,3,36.523247,-119.278809,64.797997,9,600,58,3,"e00fce68f12da1a0c5de6248",2026-09-25 01:50:03.21,2026-09-25 01:50:03.449,2026-09-25 01:50:03.449,2026-09-25
"116","Gz4wIxrYoz","MOOSPMv3Parser",1790301001,4,4,7,9,9,8,8,10,10,8,570,442,146449,78,55,7,56,56,33,26,56,0,34,37,28,27,26.612,149,1,35.963215,-119.291718,94.753998,9,600,58,3,"e00fce68d6b773b56ce8baa0",2026-09-25 01:50:03.542,2026-09-25 01:50:03.737,2026-09-25 01:50:03.737,2026-09-25
"117","otX0oVa03t","MOOSPMv3Parser",1790301001,3,3,3,5,5,3,3,6,6,3,493,361,62056,50,25,3,26,26,32,29,26,0,33,36,31,28,30.489,155,1,36.19875,-120.104469,81.769997,5,600,58,3,"e00fce686dc2ef0a68fa40b0",2026-09-25 01:50:03.921,2026-09-25 01:50:04.096,2026-09-25 01:50:04.096,2026-09-25
"118","VC3rDgfoCO","MOOSPMv3Parser",1790301000,2,2,2,3,3,2,2,3,3,2,645,144,331678,21,16,1,16,16,31,10,16,0,37,35,18,22,512.936,38,1,36.138969,-120.368355,175.533005,7,600,58,3,"e00fce6850cac69f647dc199",2026-09-25 01:50:04.352,2026-09-25 01:50:04.651,2026-09-25 01:50:04.651,2026-09-25
"119","LQEmenX0OF","MOOSPMv3Parser",1790301000,18,18,11,26,26,12,12,27,27,12,3884,927,186503,158,87,11,87,87,31,23,87,0,34,35,30,31,49.224,85,2,35.775009,-119.238556,56.145,11,600,58,3,"e00fce68e88237db75a60608",2026-09-25 01:50:04.748,2026-09-25 01:50:04.92,2026-09-25 01:50:04.92,2026-09-25
"120","3Mz97NF4NY","MOOSPMv3Parser",1790301001,8,8,0,11,11,0,0,11,11,0,1630,461,219311,74,0,3,0,0,32,15,0,0,35,37,25,25,45.724,47,3277,6.4e-05,0.002307,13161.265625,9,600,58,3,"e00fce68e28dcbc9a589be10",2026-09-25 01:50:09.619,2026-09-25 01:50:09.78,2026-09-25 01:50:09.78,2026-09-25
"121","ydQqznludL","MOOSPMv3Parser",1790301600,12,12,0,19,19,0,0,21,21,0,2723,703,0,118,0,14,0,0,31,20,0,2,33,35,31,31,32.197,137,10,36.187508,-119.822166,19.372999,9,600,58,3,"e00fce68e739ecbcf9e91965",2026-09-25 02:00:02.219,2026-09-25 02:00:02.62,2026-09-25 02:00:02.62,2026-09-25
"122","C3pV4IKjBQ","MOOSPMv3Parser",1790301601,3,3,4,5,5,4,4,6,6,5,494,362,62080,53,29,3,30,30,31,30,30,0,32,36,32,30,29.543,183,1,36.198837,-120.104424,63.884998,5,600,58,3,"e00fce686dc2ef0a68fa40b0",2026-09-25 02:00:02.856,2026-09-25 02:00:03.278,2026-09-25 02:00:03.278,2026-09-25
"123","qZ8nu7aQj0","MOOSPMv3Parser",1790301601,9,9,9,17,17,15,20,22,22,22,1782,550,228094,117,67,22,73,74,1,0,74,1,31,34,38,36,20.775,58,18,36.433609,-119.92337,35.789001,4,600,58,3,"e00fce6876826e255108c6bd",2026-09-25 02:00:03.044,2026-09-25 02:00:03.618,2026-09-25 02:00:03.618,2026-09-25
"124","Gk3ZOKzF0w","MOOSPMv3Parser",1790301601,12,12,6,17,17,7,7,17,17,7,2400,653,281720,100,50,5,50,50,29,22,50,0,32,33,31,31,35.888,98,1,35.949776,-119.049805,137.903,8,600,58,3,"e00fce6808784ceaf209f949",2026-09-25 02:00:03.157,2026-09-25 02:00:03.69,2026-09-25 02:00:03.69,2026-09-25
"125","feNGlGrEiu","MOOSPMv3Parser",1790301601,5,5,7,9,9,7,7,10,10,7,573,444,146497,80,56,8,56,56,32,29,56,0,33,36,35,32,20.325,208,1,35.963299,-119.291969,43.984001,8,600,58,3,"e00fce68d6b773b56ce8baa0",2026-09-25 02:00:03.625,2026-09-25 02:00:04.136,2026-09-25 02:00:04.136,2026-09-25
"126","pDnUsBER9D","MOOSPMv3Parser",1790301600,13,13,8,17,17,9,9,17,17,9,2348,657,159820,94,64,4,64,64,28,38,64,0,28,31,46,41,25.762,232,2,36.523365,-119.278877,82.18,8,600,58,3,"e00fce68f12da1a0c5de6248",2026-09-25 02:00:04.016,2026-09-25 02:00:04.406,2026-09-25 02:00:04.406,2026-09-25
"127","XFts5twngl","MOOSPMv3Parser",1790301600,2,2,2,3,3,2,2,3,3,2,638,152,331694,24,17,1,17,17,30,10,17,0,37,35,18,22,512.897,32,1,36.139015,-120.368431,172.959,12,600,58,3,"e00fce6850cac69f647dc199",2026-09-25 02:00:04.936,2026-09-25 02:00:05.114,2026-09-25 02:00:05.114,2026-09-25
"128","J3JKQZpwfZ","MOOSPMv3Parser",1790301600,18,18,11,26,26,12,12,27,27,12,3809,922,186579,158,87,12,87,87,30,25,87,0,33,35,32,32,45.428,114,2,35.774933,-119.238541,67.959,10,600,58,3,"e00fce68e88237db75a60608",2026-09-25 02:00:04.811,2026-09-25 02:00:05.123,2026-09-25 02:00:05.123,2026-09-25
"129","gtUMI2SRfP","MOOSPMv3Parser",1790301601,7,7,0,10,10,0,0,11,11,0,1518,431,219311,67,0,5,0,0,32,14,0,0,34,36,24,24,40.763,59,3277,6.4e-05,0.002307,13161.265625,9,600,58,3,"e00fce68e28dcbc9a589be10",2026-09-25 02:00:09.618,2026-09-25 02:00:09.826,2026-09-25 02:00:09.826,2026-09-25
"130","89lAOCTHXw","MOOSPMv3Parser",1790302200,12,12,0,19,19,0,0,20,20,0,2705,686,0,116,0,12,0,0,30,22,0,2,32,34,33,33,29.534,186,9,36.187618,-119.822067,39.924,7,600,58,3,"e00fce68e739ecbcf9e91965",2026-09-25 02:10:02.208,2026-09-25 02:10:02.398,2026-09-25 02:10:02.398,2026-09-25
"131","6sW0T9BoA5","MOOSPMv3Parser",1790302201,10,10,9,18,18,15,19,22,22,21,1883,577,228143,121,66,22,71,72,0,0,73,1,31,34,39,38,19.945,59,13,36.433613,-119.923378,34.199001,6,600,58,3,"e00fce6876826e255108c6bd",2026-09-25 02:10:02.893,2026-09-25 02:10:03.06,2026-09-25 02:10:03.06,2026-09-25
"132","uDODXpstVI","MOOSPMv3Parser",1790302201,4,4,4,7,7,4,5,7,7,5,524,390,62106,59,31,4,31,31,31,30,31,0,32,35,33,30,23.345,298,1,36.198807,-120.104439,75.499001,9,600,58,3,"e00fce686dc2ef0a68fa40b0",2026-09-25 02:10:03.177,2026-09-25 02:10:03.365,2026-09-25 02:10:03.365,2026-09-25
"133","O3CFtfODZk","MOOSPMv3Parser",1790302201,12,12,7,17,17,7,7,18,18,7,2443,658,281768,100,51,6,52,52,29,23,52,0,31,33,33,32,31.28,137,1,35.949596,-119.050034,110.185997,7,600,58,3,"e00fce6808784ceaf209f949",2026-09-25 02:10:03.211,2026-09-25 02:10:03.375,2026-09-25 02:10:03.375,2026-09-25
"134","qSwfKfwKxH","MOOSPMv3Parser",1790302201,4,4,7,9,9,7,7,9,9,7,561,436,146543,76,55,7,55,55,31,30,55,0,32,35,36,33,12.484,273,1,35.96312,-119.29187,40.229,6,600,58,3,"e00fce68d6b773b56ce8baa0",2026-09-25 02:10:03.295,2026-09-25 02:10:03.478,2026-09-25 02:10:03.478,2026-09-25
"135","cVFrDjTHEa","MOOSPMv3Parser",1790302200,2,2,2,4,4,2,2,4,4,2,673,160,331710,26,17,2,18,18,30,11,18,0,36,34,19,23,512.902,35,1,36.139011,-120.368423,187.389999,6,600,58,3,"e00fce6850cac69f647dc199",2026-09-25 02:10:03.863,2026-09-25 02:10:04.103,2026-09-25 02:10:04.103,2026-09-25
"136","0vVJbp45Ik","MOOSPMv3Parser",1790302200,18,18,12,26,26,13,13,27,27,13,3725,911,186661,155,94,11,94,94,30,26,94,0,32,34,33,34,41.788,149,2,35.775066,-119.238487,74.558998,11,600,58,3,"e00fce68e88237db75a60608",2026-09-25 02:10:04.805,2026-09-25 02:10:04.986,2026-09-25 02:10:04.986,2026-09-25
"137","DlN9ZlRjbG","MOOSPMv3Parser",1790302201,3,3,0,4,4,0,0,5,5,0,809,225,219311,33,0,2,0,0,32,14,0,0,34,36,24,24,33.913,106,3277,6.4e-05,0.002307,13161.265625,9,600,58,3,"e00fce68e28dcbc9a589be10",2026-09-25 02:10:09.563,2026-09-25 02:10:09.791,2026-09-25 02:10:09.791,2026-09-25
"138","ZzATbQ906f","MOOSPMv3Parser",1790302200,14,14,10,19,19,12,13,20,20,14,2596,719,159886,110,78,6,80,80,27,44,80,0,27,30,51,46,21.648,285,2,36.523521,-119.27874,97.250999,6,600,58,3,"e00fce68f12da1a0c5de6248",2026-09-25 02:11:12.733,2026-09-25 02:11:12.918,2026-09-25 02:11:12.918,2026-09-25
"139","PDLSAp40LH","MOOSPMv3Parser",1790302800,11,11,0,18,18,0,0,20,20,0,2576,651,0,111,0,13,0,0,30,23,0,2,32,33,33,34,27.283,183,8,36.187405,-119.82225,20.981001,8,599,58,3,"e00fce68e739ecbcf9e91965",2026-09-25 02:20:02.447,2026-09-25 02:20:02.681,2026-09-25 02:20:02.681,2026-09-25
"140","mD1zFufH7u","MOOSPMv3Parser",1790302801,14,14,8,20,20,9,9,21,21,10,2720,739,281820,121,61,6,62,62,28,24,62,0,30,32,35,33,23.334,211,1,35.949608,-119.049911,131.279007,6,600,58,3,"e00fce6808784ceaf209f949",2026-09-25 02:20:02.921,2026-09-25 02:20:03.127,2026-09-25 02:20:03.127,2026-09-25
"141","F8tSvdgnNv","MOOSPMv3Parser",1790302801,10,10,8,16,16,12,15,19,19,17,1852,568,228192,109,63,13,66,67,0,0,67,1,31,33,39,38,17.228,59,7,36.433586,-119.923401,16.68,6,600,58,3,"e00fce6876826e255108c6bd",2026-09-25 02:20:02.962,2026-09-25 02:20:03.143,2026-09-25 02:20:03.143,2026-09-25
"142","KPwtVXcBNU","MOOSPMv3Parser",1790302801,4,4,5,6,6,6,7,7,7,7,518,385,62137,58,38,4,39,40,30,32,40,1,31,34,34,33,22.782,309,1,36.198772,-120.104355,82.899002,9,600,58,3,"e00fce686dc2ef0a68fa40b0",2026-09-25 02:20:03.544,2026-09-25 02:20:03.716,2026-09-25 02:20:03.716,2026-09-25
"143","tnIdZWjKEA","MOOSPMv3Parser",1790302801,5,5,8,10,10,8,8,12,12,8,595,465,146593,81,60,9,60,60,31,30,60,0,32,34,36,32,9.923,277,1,35.96312,-119.29187,40.223999,0,600,58,3,"e00fce68d6b773b56ce8baa0",2026-09-25 02:20:03.613,2026-09-25 02:20:03.803,2026-09-25 02:20:03.803,2026-09-25
"144","bnaQeHbTFW","MOOSPMv3Parser",1790302801,16,16,19,25,25,38,52,27,27,59,3001,837,159976,160,133,13,152,155,26,45,156,1,25,29,54,46,10.472,346,1,36.523411,-119.278793,86.453003,5,600,58,3,"e00fce68f12da1a0c5de6248",2026-09-25 02:20:03.755,2026-09-25 02:20:04.054,2026-09-25 02:20:04.054,2026-09-25
"145","Sfr3zV8TIQ","MOOSPMv3Parser",1790302800,3,3,3,4,4,3,3,4,4,3,751,178,331726,26,20,2,20,20,30,12,20,0,36,34,20,25,513.039,47,1,36.13905,-120.368477,165.352997,7,600,58,3,"e00fce6850cac69f647dc199",2026-09-25 02:20:04.338,2026-09-25 02:20:04.698,2026-09-25 02:20:04.698,2026-09-25
"146","jnpvTbA51n","MOOSPMv3Parser",1790302800,19,19,12,27,27,12,12,28,28,12,3867,949,186741,163,91,11,91,91,29,28,91,0,32,33,34,35,31.289,265,1,35.775059,-119.23851,65.482002,9,600,58,3,"e00fce68e88237db75a60608",2026-09-25 02:20:04.889,2026-09-25 02:20:05.108,2026-09-25 02:20:05.108,2026-09-25
"147","B2lfFDF0Ml","MOOSPMv3Parser",1790302801,1,1,0,3,3,0,0,3,3,0,584,163,219311,24,0,1,0,0,31,13,0,0,33,35,23,23,30.137,294,3277,6.4e-05,0.002307,13161.265625,9,600,58,3,"e00fce68e28dcbc9a589be10",2026-09-25 02:20:09.551,2026-09-25 02:20:09.765,2026-09-25 02:20:09.765,2026-09-25
"148","7yT5uKyhdy","MOOSPMv3Parser",1790303400,11,11,0,18,18,0,0,20,20,0,2604,664,0,119,0,12,0,0,29,24,0,2,31,33,34,34,22.229,237,7,36.187527,-119.822182,22.296,8,600,58,3,"e00fce68e739ecbcf9e91965",2026-09-25 02:30:02.317,2026-09-25 02:30:02.589,2026-09-25 02:30:02.589,2026-09-25
"149","fqh2X3JlHg","MOOSPMv3Parser",1790303401,11,11,10,18,18,13,15,22,22,16,1969,606,228254,123,76,18,79,79,0,0,79,1,30,33,38,38,17.385,59,4,36.433533,-119.923378,29.253,5,600,58,3,"e00fce6876826e255108c6bd",2026-09-25 02:30:03.111,2026-09-25 02:30:03.32,2026-09-25 02:30:03.32,2026-09-25
"150","hNaNpBnQSY","MOOSPMv3Parser",1790303401,18,18,9,25,25,10,11,26,26,11,3362,915,281882,145,71,9,72,72,28,26,72,0,29,31,36,34,16.786,264,1,35.949749,-119.049942,133.882996,6,600,58,3,"e00fce6808784ceaf209f949",2026-09-25 02:30:03.213,2026-09-25 02:30:03.398,2026-09-25 02:30:03.398,2026-09-25
"151","QtOFuqpjXT","MOOSPMv3Parser",1790303401,5,5,8,11,11,9,9,13,13,9,612,482,146646,85,63,9,63,64,30,30,64,0,32,33,36,33,8.323,276,1,35.963184,-119.29184,57.66,9,600,58,3,"e00fce68d6b773b56ce8baa0",2026-09-25 02:30:03.341,2026-09-25 02:30:03.493,2026-09-25 02:30:03.493,2026-09-25
"152","nz98UbiUBg","MOOSPMv3Parser",1790303401,4,4,3,6,6,4,4,6,6,4,514,383,62159,56,26,3,27,27,30,32,27,0,31,33,35,32,25.482,228,1,36.198853,-120.10437,88.516998,8,600,58,3,"e00fce686dc2ef0a68fa40b0",2026-09-25 02:30:03.838,2026-09-25 02:30:04.008,2026-09-25 02:30:04.008,2026-09-25
"153","M0G3S7eZtX","MOOSPMv3Parser",1790303401,15,15,11,20,20,12,13,22,22,13,2696,756,160050,118,87,6,88,88,26,52,88,0,25,29,61,51,12.259,337,1,36.523411,-119.278793,86.450996,0,600,58,3,"e00fce68f12da1a0c5de6248",2026-09-25 02:30:04.363,2026-09-25 02:30:04.511,2026-09-25 02:30:04.511,2026-09-25
"154","epmJQyWIYb","MOOSPMv3Parser",1790303400,2,2,3,4,4,3,3,4,4,3,718,170,331744,29,20,1,20,20,29,13,20,0,35,33,20,25,270.74,47,1,36.138988,-120.368385,168.432999,8,600,58,3,"e00fce6850cac69f647dc199",2026-09-25 02:30:04.426,2026-09-25 02:30:04.583,2026-09-25 02:30:04.583,2026-09-25
"155","hJyBp4CVEi","MOOSPMv3Parser",1790303400,19,19,12,27,27,13,13,28,28,13,3930,958,186823,158,94,12,94,94,29,30,94,0,32,32,35,36,24.869,355,1,35.775059,-119.23851,65.487,0,600,58,3,"e00fce68e88237db75a60608",2026-09-25 02:30:04.829,2026-09-25 02:30:04.995,2026-09-25 02:30:04.995,2026-09-25
"156","xVTbAmy66S","MOOSPMv3Parser",1790303401,2,2,0,2,2,0,0,3,3,0,552,151,219311,21,0,1,0,0,31,13,0,0,33,35,24,24,31.698,177,3277,6.4e-05,0.002307,13161.265625,9,600,58,3,"e00fce68e28dcbc9a589be10",2026-09-25 02:30:09.684,2026-09-25 02:30:09.903,2026-09-25 02:30:09.903,2026-09-25
"157","faSWMfPQGA","MOOSPMv3Parser",1790304000,12,12,0,19,19,0,0,21,21,0,2610,667,0,120,0,15,0,0,29,24,0,2,30,32,35,34,21.447,217,5,36.187477,-119.822052,28.478001,6,600,58,3,"e00fce68e739ecbcf9e91965",2026-09-25 02:40:02.431,2026-09-25 02:40:02.585,2026-09-25 02:40:02.585,2026-09-25
"158","5rv9Vi3IOc","MOOSPMv3Parser",1790304000,14,14,7,19,19,7,7,19,19,7,3271,730,84334,102,53,6,53,53,27,34,53,0,28,30,44,43,38.853,138,1,36.503162,-120.325325,54.924999,7,599,58,3,"e00fce68e77e43df92405fdb",2026-09-25 02:40:02.385,2026-09-25 02:40:02.594,2026-09-25 02:40:02.594,2026-09-25
"159","S13uisLAhG","MOOSPMv3Parser",1790304001,4,4,3,6,6,3,3,6,6,3,515,382,62180,56,26,3,26,26,29,34,26,0,30,33,37,34,25.283,237,1,36.198868,-120.104523,73.516998,5,600,58,3,"e00fce686dc2ef0a68fa40b0",2026-09-25 02:40:02.886,2026-09-25 02:40:03.066,2026-09-25 02:40:03.066,2026-09-25
"160","W0CGNovQhw","MOOSPMv3Parser",1790304001,21,20,10,28,28,11,11,30,30,11,3878,1070,281951,162,79,9,80,80,27,28,80,0,29,31,38,36,17.279,277,1,35.949749,-119.049942,133.880005,0,600,58,3,"e00fce6808784ceaf209f949",2026-09-25 02:40:03.066,2026-09-25 02:40:03.245,2026-09-25 02:40:03.245,2026-09-25
"161","LopMAa5cjP","MOOSPMv3Parser",1790304001,10,10,8,16,16,9,9,18,18,9,1834,564,228304,99,60,12,60,61,1,0,61,1,31,32,39,39,19.898,60,8,36.433582,-119.923218,37.300999,10,600,58,3,"e00fce6876826e255108c6bd",2026-09-25 02:40:03.133,2026-09-25 02:40:03.306,2026-09-25 02:40:03.306,2026-09-25
"162","54wql95AmS","MOOSPMv3Parser",1790304001,5,5,7,10,10,8,8,11,11,8,581,455,146694,78,57,8,57,57,29,32,57,0,32,33,36,35,11.443,253,1,35.963223,-119.291893,48.612,7,600,58,3,"e00fce68d6b773b56ce8baa0",2026-09-25 02:40:03.458,2026-09-25 02:40:03.617,2026-09-25 02:40:03.617,2026-09-25
"163","f1eS6sbkV3","MOOSPMv3Parser",1790304000,2,2,2,4,4,2,2,4,4,2,686,162,331760,25,17,1,17,17,29,13,17,0,35,33,21,26,461.178,42,1,36.138939,-120.368446,168.283005,6,600,58,3,"e00fce6850cac69f647dc199",2026-09-25 02:40:04.664,2026-09-25 02:40:05.019,2026-09-25 02:40:05.019,2026-09-25
"164","vImKAQ5nnM","MOOSPMv3Parser",1790304000,20,20,13,28,28,13,13,29,29,13,4055,1005,186910,166,99,10,100,100,28,32,100,0,31,32,36,37,20.591,371,1,35.775055,-119.238441,74.481003,12,600,58,3,"e00fce68e88237db75a60608",2026-09-25 02:40:04.859,2026-09-25 02:40:05.029,2026-09-25 02:40:05.029,2026-09-25
"165","aiCgurqybS","MOOSPMv3Parser",1790304001,2,2,0,3,3,0,0,3,3,0,569,156,219311,23,0,1,0,0,30,14,0,0,32,34,25,24,31.176,122,3277,6.4e-05,0.002307,13161.265625,9,600,58,3,"e00fce68e28dcbc9a589be10",2026-09-25 02:40:09.647,2026-09-25 02:40:09.824,2026-09-25 02:40:09.824,2026-09-25
"166","CtKvT4nOYv","MOOSPMv3Parser",1790304600,13,13,7,18,18,7,7,19,19,7,3193,719,84241,105,55,6,55,55,-10,-10,55,0,28,29,44,43,32.861,203,1,36.503178,-120.325417,63.84,9,600,58,3,"e00fce68e77e43df92405fdb",2026-09-25 02:50:01.853,2026-09-25 02:50:02.104,2026-09-25 02:50:02.104,2026-09-25
"167","XzWy0Tm8c5","MOOSPMv3Parser",1790304600,11,11,0,18,18,0,0,19,19,0,2474,637,0,111,0,12,0,0,28,25,0,2,30,32,34,35,24.582,191,7,36.187477,-119.822052,28.481001,0,600,58,3,"e00fce68e739ecbcf9e91965",2026-09-25 02:50:02.365,2026-09-25 02:50:02.585,2026-09-25 02:50:02.585,2026-09-25
"168","FXL6PN3LvG","MOOSPMv3Parser",1790304601,19,18,11,27,26,11,11,28,28,11,3511,964,282024,163,82,9,83,83,26,30,83,0,29,30,38,37,25.039,215,1,35.949627,-119.049957,101.419998,7,600,58,3,"e00fce6808784ceaf209f949",2026-09-25 02:50:02.995,2026-09-25 02:50:03.245,2026-09-25 02:50:03.245,2026-09-25
"169","xoWn0nv9u6","MOOSPMv3Parser",1790304601,11,11,9,17,17,10,10,20,20,10,2014,618,228361,110,66,13,67,67,0,0,67,0,30,32,40,40,19.667,60,13,36.433643,-119.923325,35.297001,8,600,58,3,"e00fce6876826e255108c6bd",2026-09-25 02:50:03.189,2026-09-25 02:50:03.438,2026-09-25 02:50:03.438,2026-09-25
"170","6GTs72AYQ1","MOOSPMv3Parser",1790304601,4,4,4,7,7,4,4,7,7,4,538,406,62205,61,29,3,29,30,29,34,30,0,30,32,37,35,20.75,299,1,36.198845,-120.104393,72.305,7,600,58,3,"e00fce686dc2ef0a68fa40b0",2026-09-25 02:50:03.303,2026-09-25 02:50:03.497,2026-09-25 02:50:03.497,2026-09-25
"171","3VZRVSNkUH","MOOSPMv3Parser",1790304601,5,5,7,10,10,8,8,10,10,8,583,456,146741,79,57,7,57,57,28,34,57,0,29,32,39,36,12.137,245,1,35.963104,-119.291832,42.735001,7,600,58,3,"e00fce68d6b773b56ce8baa0",2026-09-25 02:50:03.295,2026-09-25 02:50:03.503,2026-09-25 02:50:03.503,2026-09-25
"172","HJhEumI4r2","MOOSPMv3Parser",1790304600,2,2,2,4,4,3,3,4,4,3,682,163,331776,27,19,1,19,19,28,14,19,0,35,32,21,27,216.08,66,1,36.138916,-120.368317,175.472,8,600,58,3,"e00fce6850cac69f647dc199",2026-09-25 02:50:03.75,2026-09-25 02:50:03.977,2026-09-25 02:50:03.977,2026-09-25
"173","97FTlgLNN4","MOOSPMv3Parser",1790304601,15,15,10,21,21,10,10,22,22,10,2796,790,160185,118,77,5,77,77,25,59,77,0,24,27,67,56,6.538,329,1,36.523304,-119.278923,74.786003,5,600,58,3,"e00fce68f12da1a0c5de6248",2026-09-25 02:50:04.148,2026-09-25 02:50:04.375,2026-09-25 02:50:04.375,2026-09-25
"174","UlmjfuJjvo","MOOSPMv3Parser",1790304600,21,21,13,31,30,14,14,32,32,14,4337,1079,187000,183,103,14,104,104,28,32,104,0,31,31,35,37,20.895,352,1,35.775047,-119.238487,60.063,9,600,58,3,"e00fce68e88237db75a60608",2026-09-25 02:50:04.756,2026-09-25 02:50:04.925,2026-09-25 02:50:04.925,2026-09-25
"175","QB6DpWZbPM","MOOSPMv3Parser",1790304601,2,2,0,3,3,0,0,3,3,0,576,159,219311,25,0,1,0,0,30,15,0,0,32,34,26,26,31.824,111,3277,6.4e-05,0.002307,13161.265625,9,600,58,3,"e00fce68e28dcbc9a589be10",2026-09-25 02:50:09.627,2026-09-25 02:50:09.821,2026-09-25 02:50:09.821,2026-09-25
"176","Qf5lhxMjKC","MOOSPMv3Parser",1790305200,12,12,0,19,19,0,0,21,21,0,2679,692,0,117,0,13,0,0,28,26,0,2,31,31,34,36,26.139,173,13,36.187428,-119.822052,19.273001,7,600,58,3,"e00fce68e739ecbcf9e91965",2026-09-25 03:00:02.369,2026-09-25 03:00:02.741,2026-09-25 03:00:02.741,2026-09-25
"177","N5DtDKADuw","MOOSPMv3Parser",1790305201,12,12,9,18,18,10,10,21,21,10,2147,657,228421,115,69,15,70,70,0,0,70,0,29,31,40,39,18.683,60,12,36.433556,-119.923332,25.973,9,600,58,3,"e00fce6876826e255108c6bd",2026-09-25 03:00:02.971,2026-09-25 03:00:03.253,2026-09-25 03:00:03.253,2026-09-25
"178","CPWvFCjuOI","MOOSPMv3Parser",1790305201,16,16,9,23,23,9,9,24,24,9,3106,851,282084,135,68,9,68,68,26,32,68,0,28,29,40,39,25.073,198,1,35.949604,-119.049957,116.318001,7,600,58,3,"e00fce6808784ceaf209f949",2026-09-25 03:00:03.003,2026-09-25 03:00:03.471,2026-09-25 03:00:03.471,2026-09-25
"179","qfEQVIUSEt","MOOSPMv3Parser",1790305201,4,4,4,7,7,5,5,7,7,5,544,406,62234,59,35,4,35,35,28,34,35,0,30,32,35,34,21.331,263,1,36.198845,-120.104393,72.304001,0,600,58,3,"e00fce686dc2ef0a68fa40b0",2026-09-25 03:00:03.469,2026-09-25 03:00:03.716,2026-09-25 03:00:03.716,2026-09-25
"180","3m5jN1Rz7x","MOOSPMv3Parser",1790305201,5,5,8,10,10,8,8,12,12,8,590,464,146791,85,60,8,60,60,28,34,60,0,28,31,42,39,14.041,241,1,35.963223,-119.291946,45.257,7,600,58,3,"e00fce68d6b773b56ce8baa0",2026-09-25 03:00:03.616,2026-09-25 03:00:03.888,2026-09-25 03:00:03.888,2026-09-25
"181","0bqDpqgqDN","MOOSPMv3Parser",1790305200,2,2,2,4,4,3,3,4,4,3,696,167,331792,27,19,2,19,19,28,14,19,0,34,31,22,27,39.207,124,1,36.13884,-120.368431,180.880997,6,600,58,3,"e00fce6850cac69f647dc199",2026-09-25 03:00:04.102,2026-09-25 03:00:04.292,2026-09-25 03:00:04.292,2026-09-25
"182","OEBsirwJC8","MOOSPMv3Parser",1790305201,15,15,10,20,20,10,10,21,21,10,2749,773,160251,111,76,4,76,76,24,60,76,0,23,27,68,56,4.649,331,1,36.523373,-119.278755,69.945999,5,600,58,3,"e00fce68f12da1a0c5de6248",2026-09-25 03:00:04.1,2026-09-25 03:00:04.321,2026-09-25 03:00:04.321,2026-09-25
"183","q2469f4lrL","MOOSPMv3Parser",1790305200,21,21,14,32,31,14,14,33,33,14,4405,1096,187094,192,108,15,108,108,28,32,108,0,31,31,35,38,22.118,305,1,35.775074,-119.23851,72.388,11,600,58,3,"e00fce68e88237db75a60608",2026-09-25 03:00:04.828,2026-09-25 03:00:05.009,2026-09-25 03:00:05.009,2026-09-25
"184","NvTcUapjkY","MOOSPMv3Parser",1790305201,3,3,0,4,4,0,0,5,5,0,709,201,219311,30,0,2,0,0,30,15,0,0,31,33,27,26,27.578,174,3277,6.4e-05,0.002307,13161.265625,9,600,58,3,"e00fce68e28dcbc9a589be10",2026-09-25 03:00:09.67,2026-09-25 03:00:09.856,2026-09-25 03:00:09.856,2026-09-25
"185","HiPR5QBUe8","MOOSPMv3Parser",1790305800,12,12,0,18,18,0,0,19,19,0,2516,648,0,109,0,9,0,0,28,27,0,2,30,31,36,37,25.33,191,16,36.187489,-119.82206,32.563,10,600,58,3,"e00fce68e739ecbcf9e91965",2026-09-25 03:10:02.295,2026-09-25 03:10:02.499,2026-09-25 03:10:02.499,2026-09-25
"186","QHCYDbA7nI","MOOSPMv3Parser",1790305801,12,12,9,19,19,10,11,21,21,11,2205,678,228487,116,73,12,74,74,1,0,74,0,30,31,37,38,21.526,60,16,36.433617,-119.923347,27.511999,13,600,58,3,"e00fce6876826e255108c6bd",2026-09-25 03:10:03.035,2026-09-25 03:10:03.253,2026-09-25 03:10:03.253,2026-09-25
"187","ormunTNHFJ","MOOSPMv3Parser",1790305801,18,18,11,26,26,11,11,27,27,11,3399,939,282156,156,82,10,83,83,26,34,83,0,28,29,41,40,24.225,208,1,35.949512,-119.049934,113.704002,7,600,58,3,"e00fce6808784ceaf209f949",2026-09-25 03:10:03.158,2026-09-25 03:10:03.382,2026-09-25 03:10:03.382,2026-09-25
"188","Q4Mq7W8Oya","MOOSPMv3Parser",1790305801,7,7,10,17,17,10,10,19,19,10,715,573,146856,100,77,10,77,77,27,35,77,0,29,30,40,39,17.574,213,1,35.963245,-119.291771,39.949001,10,600,58,3,"e00fce68d6b773b56ce8baa0",2026-09-25 03:10:03.372,2026-09-25 03:10:03.582,2026-09-25 03:10:03.582,2026-09-25
"189","ARsdrD2hbf","MOOSPMv3Parser",1790305801,4,4,4,6,6,4,4,7,7,4,534,398,62259,57,31,4,31,31,28,33,31,0,31,32,34,34,24.859,139,1,36.198769,-120.104416,84.439003,8,600,58,3,"e00fce686dc2ef0a68fa40b0",2026-09-25 03:10:03.813,2026-09-25 03:10:03.995,2026-09-25 03:10:03.995,2026-09-25
"190","juGsGwUMxO","MOOSPMv3Parser",1790305800,2,2,3,4,4,3,3,4,4,3,711,171,331808,28,20,1,20,20,27,14,20,0,33,31,22,27,39.784,107,1,36.13884,-120.368431,180.878998,0,600,58,3,"e00fce6850cac69f647dc199",2026-09-25 03:10:04.594,2026-09-25 03:10:04.812,2026-09-25 03:10:04.812,2026-09-25
"191","4QkMadzJR4","MOOSPMv3Parser",1790305800,21,20,14,31,30,15,15,32,32,15,4320,1073,187191,178,110,15,111,111,28,33,111,0,31,31,37,39,23.38,304,1,35.774986,-119.238579,83.663002,8,600,58,3,"e00fce68e88237db75a60608",2026-09-25 03:10:05.083,2026-09-25 03:10:05.29,2026-09-25 03:10:05.29,2026-09-25
"192","kQTJtAv5K5","MOOSPMv3Parser",1790305801,4,4,0,5,5,0,0,6,6,0,817,232,219311,37,0,2,0,0,29,16,0,0,31,33,27,27,29.672,122,3277,6.4e-05,0.002307,13161.265625,9,600,58,3,"e00fce68e28dcbc9a589be10",2026-09-25 03:10:09.669,2026-09-25 03:10:09.801,2026-09-25 03:10:09.801,2026-09-25
"193","zEMFEqWqpj","MOOSPMv3Parser",1790305801,16,16,10,22,22,11,11,23,23,11,2921,825,160320,125,79,5,80,80,24,60,80,0,23,26,67,56,6.989,294,1,36.523376,-119.27887,86.973,5,600,58,3,"e00fce68f12da1a0c5de6248",2026-09-25 03:10:20.124,2026-09-25 03:10:20.324,2026-09-25 03:10:20.324,2026-09-25
"194","8eMVzRE9XW","MOOSPMv3Parser",1790306400,12,12,0,18,18,0,0,19,19,0,2431,624,0,106,0,9,0,0,28,29,0,2,30,31,38,38,24.271,207,12,36.187481,-119.822044,27.424,12,600,58,3,"e00fce68e739ecbcf9e91965",2026-09-25 03:20:02.368,2026-09-25 03:20:02.534,2026-09-25 03:20:02.534,2026-09-25
"195","Z6QVktjCAR","MOOSPMv3Parser",1790306401,6,6,4,11,11,4,4,12,12,4,683,522,62287,73,33,4,33,33,28,34,33,0,30,32,36,35,27.513,127,1,36.198872,-120.104385,78.078003,10,600,58,3,"e00fce686dc2ef0a68fa40b0",2026-09-25 03:20:02.918,2026-09-25 03:20:03.093,2026-09-25 03:20:03.093,2026-09-25
"196","943SHR255b","MOOSPMv3Parser",1790306401,20,20,12,29,29,13,13,31,31,13,3733,1029,282238,181,96,11,96,96,25,37,96,0,27,28,44,42,22.518,218,1,35.949543,-119.049973,118.18,7,600,58,3,"e00fce6808784ceaf209f949",2026-09-25 03:20:02.976,2026-09-25 03:20:03.181,2026-09-25 03:20:03.181,2026-09-25
"197","tf5zsYewGF","MOOSPMv3Parser",1790306401,13,13,10,19,19,10,11,22,22,11,2272,699,228552,121,75,13,76,76,0,0,76,0,30,31,37,39,22.989,61,33,36.433594,-119.923302,24.080999,10,600,58,3,"e00fce6876826e255108c6bd",2026-09-25 03:20:03.05,2026-09-25 03:20:03.236,2026-09-25 03:20:03.236,2026-09-25
"198","lIvDBBvqWA","MOOSPMv3Parser",1790306401,7,7,10,17,17,11,11,19,19,11,711,571,146923,106,80,10,80,80,27,35,80,0,29,30,39,39,17.507,205,1,35.963142,-119.291809,35.002998,10,600,58,3,"e00fce68d6b773b56ce8baa0",2026-09-25 03:20:03.552,2026-09-25 03:20:03.766,2026-09-25 03:20:03.766,2026-09-25
"199","ePfgxkCIGE","MOOSPMv3Parser",1790306400,3,3,3,5,5,3,3,5,5,3,776,193,331829,33,25,2,25,25,27,17,25,0,32,30,24,30,36.415,115,1,36.139,-120.368324,162.057999,7,600,58,3,"e00fce6850cac69f647dc199",2026-09-25 03:20:04.817,2026-09-25 03:20:04.978,2026-09-25 03:20:04.978,2026-09-25
"200","3x1fZa5ovp","MOOSPMv3Parser",1790306400,22,21,14,31,31,15,15,33,33,15,4396,1094,187286,189,109,13,109,109,27,34,109,0,30,30,37,39,22.162,299,1,35.775036,-119.23851,56.877998,11,600,58,3,"e00fce68e88237db75a60608",2026-09-25 03:20:04.858,2026-09-25 03:20:05.024,2026-09-25 03:20:05.024,2026-09-25
"201","6NTYPlYITZ","MOOSPMv3Parser",1790306401,3,3,0,5,5,0,0,5,5,0,752,212,219311,33,0,2,0,0,29,16,0,0,31,33,27,27,30.855,95,3277,6.4e-05,0.002307,13161.265625,9,600,58,3,"e00fce68e28dcbc9a589be10",2026-09-25 03:20:09.669,2026-09-25 03:20:09.848,2026-09-25 03:20:09.848,2026-09-25
"202","SlPbPO1xUH","MOOSPMv3Parser",1790306401,16,16,11,22,22,11,11,24,24,11,3022,850,160393,130,83,5,83,83,23,57,83,0,23,26,63,54,9.466,254,1,36.523209,-119.278839,93.089996,6,600,58,3,"e00fce68f12da1a0c5de6248",2026-09-25 03:20:39.576,2026-09-25 03:20:39.782,2026-09-25 03:20:39.782,2026-09-25
"203","FI6g1MYJJX","MOOSPMv3Parser",1790307000,12,12,0,18,18,0,0,20,20,0,2419,625,0,108,0,13,0,0,27,30,0,2,29,30,39,39,22.273,223,10,36.187508,-119.822083,23.323999,9,600,58,3,"e00fce68e739ecbcf9e91965",2026-09-25 03:30:02.518,2026-09-25 03:30:02.723,2026-09-25 03:30:02.723,2026-09-25
"204","5MqniDOTPr","MOOSPMv3Parser",1790307001,13,13,10,20,20,10,10,22,22,10,2263,699,228616,123,74,14,75,75,0,0,75,0,30,31,38,39,21.606,61,36,36.433632,-119.923325,26.702999,9,600,58,3,"e00fce6876826e255108c6bd",2026-09-25 03:30:02.97,2026-09-25 03:30:03.131,2026-09-25 03:30:03.131,2026-09-25
"205","G6HMfWtqKH","MOOSPMv3Parser",1790307001,12,12,7,20,20,7,7,21,21,8,861,682,62333,112,55,8,55,55,28,34,55,0,30,31,35,34,28.351,165,1,36.198929,-120.104446,82.547997,8,600,58,3,"e00fce686dc2ef0a68fa40b0",2026-09-25 03:30:02.991,2026-09-25 03:30:03.195,2026-09-25 03:30:03.195,2026-09-25
"206","lzjB0v8Rf5","MOOSPMv3Parser",1790307001,18,18,9,25,25,10,10,26,26,10,3296,910,282303,146,73,9,73,73,24,39,73,0,26,28,46,43,19.483,244,1,35.949917,-119.049843,137.429001,6,600,58,3,"e00fce6808784ceaf209f949",2026-09-25 03:30:03.051,2026-09-25 03:30:03.227,2026-09-25 03:30:03.227,2026-09-25
"207","TL6tR7tRP0","MOOSPMv3Parser",1790307001,7,7,10,18,18,10,10,20,20,10,720,578,146987,104,76,10,76,76,27,35,76,0,29,30,40,39,16.805,218,1,35.96315,-119.291855,34.646,6,600,58,3,"e00fce68d6b773b56ce8baa0",2026-09-25 03:30:03.299,2026-09-25 03:30:03.482,2026-09-25 03:30:03.482,2026-09-25
"208","d7jP3HFL7R","MOOSPMv3Parser",1790307001,17,17,11,24,24,11,11,25,25,11,3141,888,160467,139,85,6,86,86,23,56,86,0,23,25,61,53,12.209,212,1,36.523308,-119.278854,93.280998,9,600,58,3,"e00fce68f12da1a0c5de6248",2026-09-25 03:30:03.784,2026-09-25 03:30:04.011,2026-09-25 03:30:04.011,2026-09-25
"209","BKF51nuFKK","MOOSPMv3Parser",1790307000,3,3,3,4,4,3,3,4,4,3,705,174,331845,26,20,2,20,20,26,18,20,0,32,30,25,30,28.439,180,1,36.138958,-120.368401,173.001007,9,600,58,3,"e00fce6850cac69f647dc199",2026-09-25 03:30:03.79,2026-09-25 03:30:04.021,2026-09-25 03:30:04.021,2026-09-25
"210","nfCXz8PZ6y","MOOSPMv3Parser",1790307000,19,19,12,28,28,13,13,30,30,13,3957,983,187372,174,98,14,98,98,27,32,98,0,31,30,34,37,22.833,235,1,35.775013,-119.238541,75.492996,6,600,58,3,"e00fce68e88237db75a60608",2026-09-25 03:30:04.837,2026-09-25 03:30:05.029,2026-09-25 03:30:05.029,2026-09-25
"211","F4xFF7qLmy","MOOSPMv3Parser",1790307000,11,11,5,14,14,5,5,15,15,5,2848,572,84257,80,40,5,40,40,26,29,40,0,28,28,35,38,39.349,101,1,36.503124,-120.325462,49.34,7,601,58,3,"e00fce68e77e43df92405fdb",2026-09-25 03:30:08.125,2026-09-25 03:30:08.328,2026-09-25 03:30:08.328,2026-09-25
"212","yvA9Cxj5hV","MOOSPMv3Parser",1790307001,4,4,0,6,6,0,0,6,6,0,847,238,219311,36,0,2,0,0,29,18,0,0,30,32,29,29,28.929,127,3277,6.4e-05,0.002307,13161.265625,9,600,58,3,"e00fce68e28dcbc9a589be10",2026-09-25 03:30:09.619,2026-09-25 03:30:09.784,2026-09-25 03:30:09.784,2026-09-25
"213","3bYke5ad8p","MOOSPMv3Parser",1790307600,13,13,0,20,20,0,0,21,21,0,2637,686,0,122,0,11,0,0,27,29,0,2,30,30,35,38,21.489,226,8,36.187592,-119.822113,32.422001,9,600,58,3,"e00fce68e739ecbcf9e91965",2026-09-25 03:40:02.367,2026-09-25 03:40:02.534,2026-09-25 03:40:02.534,2026-09-25
"214","hPtqQ5Kuxc","MOOSPMv3Parser",1790307601,5,5,4,8,8,5,5,8,8,5,591,449,62362,66,35,4,35,35,28,35,35,1,30,31,38,36,24.516,163,1,36.198792,-120.104424,76.148003,12,600,58,3,"e00fce686dc2ef0a68fa40b0",2026-09-25 03:40:03.018,2026-09-25 03:40:03.194,2026-09-25 03:40:03.194,2026-09-25
"215","9OIL3eusI9","MOOSPMv3Parser",1790307601,17,17,9,24,24,9,9,25,25,9,3136,869,282364,146,69,7,70,70,24,41,70,0,26,27,47,45,20.701,224,1,35.949551,-119.049957,116.346001,7,600,58,3,"e00fce6808784ceaf209f949",2026-09-25 03:40:02.995,2026-09-25 03:40:03.219,2026-09-25 03:40:03.219,2026-09-25
"216","bCPfSHhqQm","MOOSPMv3Parser",1790307601,11,11,9,18,18,9,9,20,20,9,2094,639,228677,107,67,12,67,67,1,1,67,0,29,30,37,38,21.367,61,29,36.433632,-119.923325,26.698,0,600,58,3,"e00fce6876826e255108c6bd",2026-09-25 03:40:03.23,2026-09-25 03:40:03.441,2026-09-25 03:40:03.441,2026-09-25
"217","XIT5fKYJNg","MOOSPMv3Parser",1790307601,8,8,10,18,18,10,10,19,19,10,727,582,147051,106,75,9,76,76,27,36,76,0,28,30,43,40,18.424,202,1,35.963135,-119.291725,40.191002,7,600,58,3,"e00fce68d6b773b56ce8baa0",2026-09-25 03:40:03.473,2026-09-25 03:40:03.698,2026-09-25 03:40:03.698,2026-09-25
"218","tAWzh0w5au","MOOSPMv3Parser",1790307600,3,3,3,4,4,3,3,4,4,3,724,176,331861,30,21,2,21,21,26,19,21,0,31,29,26,31,30.804,167,1,36.138966,-120.368324,165.709,8,600,58,3,"e00fce6850cac69f647dc199",2026-09-25 03:40:04.037,2026-09-25 03:40:04.272,2026-09-25 03:40:04.272,2026-09-25
"219","uP9gAtNdfF","MOOSPMv3Parser",1790307600,13,13,8,18,18,9,9,18,18,9,2775,652,187429,107,65,6,65,65,27,30,65,0,30,30,32,35,23.653,185,1,35.775047,-119.23848,61.821999,9,600,58,3,"e00fce68e88237db75a60608",2026-09-25 03:40:04.907,2026-09-25 03:40:05.086,2026-09-25 03:40:05.086,2026-09-25
"220","piZfjjggFH","MOOSPMv3Parser",1790307600,10,10,5,13,13,5,5,14,14,5,2675,538,84433,72,40,3,40,40,26,28,40,0,28,28,34,37,38.24,104,1,36.503124,-120.325462,49.338001,0,600,58,3,"e00fce68e77e43df92405fdb",2026-09-25 03:40:07.276,2026-09-25 03:40:07.497,2026-09-25 03:40:07.497,2026-09-25
"221","KB3PSa8Hsw","MOOSPMv3Parser",1790307601,4,4,0,5,5,0,0,6,6,0,848,236,219311,39,0,2,0,0,28,17,0,0,31,32,27,28,30.468,114,3277,6.4e-05,0.002307,13161.265625,9,600,58,3,"e00fce68e28dcbc9a589be10",2026-09-25 03:40:09.561,2026-09-25 03:40:09.739,2026-09-25 03:40:09.739,2026-09-25
"222","1kDup9gShr","MOOSPMv3Parser",1790307601,17,17,11,23,23,11,11,24,24,11,3052,863,160538,130,82,6,83,83,23,51,83,0,23,25,53,49,18.246,155,1,36.523308,-119.278854,93.277,0,600,58,3,"e00fce68f12da1a0c5de6248",2026-09-25 03:40:09.731,2026-09-25 03:40:09.934,2026-09-25 03:40:09.934,2026-09-25
"223","CvN16Llgg1","MOOSPMv3Parser",1790308200,12,12,0,19,19,0,0,20,20,0,2618,674,0,113,0,10,0,0,27,28,0,2,30,30,36,38,27.731,142,17,36.187469,-119.822105,27.124001,9,600,58,3,"e00fce68e739ecbcf9e91965",2026-09-25 03:50:02.449,2026-09-25 03:50:02.618,2026-09-25 03:50:02.618,2026-09-25
"224","cmAzpIHbP0","MOOSPMv3Parser",1790308201,12,12,9,17,17,9,9,20,20,9,2053,636,228736,110,66,10,67,67,0,0,67,0,28,30,39,39,18.937,61,24,36.433598,-119.923439,32.368,8,600,58,3,"e00fce6876826e255108c6bd",2026-09-25 03:50:03.042,2026-09-25 03:50:03.258,2026-09-25 03:50:03.258,2026-09-25
"225","CP6sOrR7qb","MOOSPMv3Parser",1790308201,4,4,4,8,8,5,5,8,8,5,572,433,62390,64,34,5,34,34,28,36,34,0,29,31,40,37,20.23,258,1,36.198799,-120.104431,85.931999,12,600,58,3,"e00fce686dc2ef0a68fa40b0",2026-09-25 03:50:03.134,2026-09-25 03:50:03.378,2026-09-25 03:50:03.378,2026-09-25
"226","3HLekImw0e","MOOSPMv3Parser",1790308201,16,16,8,22,22,9,9,23,23,9,3007,828,282419,132,64,7,64,64,24,40,64,0,25,26,46,44,21.861,207,1,35.949722,-119.049927,115.677002,6,600,58,3,"e00fce6808784ceaf209f949",2026-09-25 03:50:03.154,2026-09-25 03:50:03.385,2026-09-25 03:50:03.385,2026-09-25
"227","CTcV2HF5lY","MOOSPMv3Parser",1790308201,9,9,11,19,19,11,11,21,21,11,770,623,147120,115,83,11,83,83,26,37,83,0,27,29,44,41,19.259,196,1,35.963142,-119.291779,62.459,8,600,58,3,"e00fce68d6b773b56ce8baa0",2026-09-25 03:50:03.525,2026-09-25 03:50:03.784,2026-09-25 03:50:03.784,2026-09-25
"228","yxRiG8yYeO","MOOSPMv3Parser",1790308200,2,2,3,4,4,3,3,4,4,3,692,171,331877,27,20,2,20,20,26,19,20,0,31,29,25,31,27.401,219,1,36.138977,-120.368401,172.539993,7,600,58,3,"e00fce6850cac69f647dc199",2026-09-25 03:50:04.434,2026-09-25 03:50:04.638,2026-09-25 03:50:04.638,2026-09-25
"229","Lp4Wd5BDdt","MOOSPMv3Parser",1790308200,8,8,6,12,12,6,6,12,12,6,1971,443,187468,73,44,4,44,44,27,28,44,0,30,30,32,34,21.378,161,1,35.775093,-119.238564,67.133003,5,600,58,3,"e00fce68e88237db75a60608",2026-09-25 03:50:04.836,2026-09-25 03:50:05.167,2026-09-25 03:50:05.167,2026-09-25
"230","o8UD4D3t2e","MOOSPMv3Parser",1790308200,9,9,5,13,13,5,5,13,13,5,2551,513,84465,72,37,4,37,37,25,27,37,0,28,28,33,36,36.653,113,1,36.503265,-120.325378,67.290001,7,600,58,3,"e00fce68e77e43df92405fdb",2026-09-25 03:50:07.677,2026-09-25 03:50:07.89,2026-09-25 03:50:07.89,2026-09-25
"231","iKYtT16Nnl","MOOSPMv3Parser",1790308201,16,16,11,23,23,11,11,23,23,11,3024,852,160613,132,86,5,86,86,23,51,86,0,26,25,46,50,26.552,134,1,36.52335,-119.278831,84.161003,8,600,58,3,"e00fce68f12da1a0c5de6248",2026-09-25 03:50:08.336,2026-09-25 03:50:08.546,2026-09-25 03:50:08.546,2026-09-25
"232","Fqp3xH60NB","MOOSPMv3Parser",1790308201,4,4,0,5,5,0,0,6,6,0,825,233,219311,36,0,2,0,0,28,17,0,0,30,32,28,28,30.506,103,3277,6.4e-05,0.002307,13161.265625,9,600,58,3,"e00fce68e28dcbc9a589be10",2026-09-25 03:50:09.627,2026-09-25 03:50:09.879,2026-09-25 03:50:09.879,2026-09-25
"233","Q2Vw28AzGZ","MOOSPMv3Parser",1790308800,11,11,0,18,18,0,0,19,19,0,2382,614,0,106,0,11,0,0,27,28,0,2,30,30,35,38,29.36,137,30,36.187504,-119.822098,31.735001,10,600,58,3,"e00fce68e739ecbcf9e91965",2026-09-25 04:00:02.535,2026-09-25 04:00:02.866,2026-09-25 04:00:02.866,2026-09-25
"234","iORvRJd4CH","MOOSPMv3Parser",1790308800,8,8,4,11,11,5,5,12,12,5,2336,463,84495,64,34,3,34,34,25,26,34,0,27,28,34,36,36.158,119,1,36.503117,-120.325409,58.355999,9,600,58,3,"e00fce68e77e43df92405fdb",2026-09-25 04:00:02.664,2026-09-25 04:00:03.129,2026-09-25 04:00:03.129,2026-09-25
"235","ru91BeaRWY","MOOSPMv3Parser",1790308801,12,12,9,18,18,10,10,21,21,10,2206,681,228800,120,71,9,72,72,0,0,72,0,27,30,41,40,17.513,62,12,36.433659,-119.923332,20.799999,7,600,58,3,"e00fce6876826e255108c6bd",2026-09-25 04:00:03.042,2026-09-25 04:00:03.295,2026-09-25 04:00:03.295,2026-09-25
"236","ZQQQmG1sNE","MOOSPMv3Parser",1790308801,16,16,8,22,22,8,8,23,23,8,2949,811,282472,128,63,7,63,63,24,38,63,0,25,26,44,43,20.242,227,1,35.949738,-119.050034,127.972,8,600,58,3,"e00fce6808784ceaf209f949",2026-09-25 04:00:03.003,2026-09-25 04:00:03.382,2026-09-25 04:00:03.382,2026-09-25
"237","vclK68BG2q","MOOSPMv3Parser",1790308801,5,5,4,9,9,5,5,9,9,5,597,455,62418,67,33,5,33,33,27,36,33,0,29,31,41,37,20.175,248,1,36.19886,-120.104439,91.427002,9,600,58,3,"e00fce686dc2ef0a68fa40b0",2026-09-25 04:00:02.864,2026-09-25 04:00:03.593,2026-09-25 04:00:03.593,2026-09-25
"238","qYlo912oBy","MOOSPMv3Parser",1790308801,15,15,10,20,20,10,10,21,21,10,2718,762,160678,112,74,4,75,75,23,49,75,0,26,25,47,48,31.062,114,2,36.523392,-119.278786,84.164001,7,600,58,3,"e00fce68f12da1a0c5de6248",2026-09-25 04:00:03.623,2026-09-25 04:00:03.853,2026-09-25 04:00:03.853,2026-09-25
"239","0jdKPs9gvE","MOOSPMv3Parser",1790308801,8,8,10,18,18,11,11,19,19,11,737,594,147187,106,80,9,80,80,26,36,80,0,27,29,42,40,18.238,208,2,35.963207,-119.291771,36.191002,9,600,58,3,"e00fce68d6b773b56ce8baa0",2026-09-25 04:00:03.543,2026-09-25 04:00:03.904,2026-09-25 04:00:03.904,2026-09-25
"240","gQGM9lKD37","MOOSPMv3Parser",1790308800,7,7,5,9,9,5,5,10,10,5,1712,366,187501,56,38,4,38,38,27,29,38,0,30,30,32,35,21.217,148,1,35.775093,-119.238564,67.137001,0,600,58,3,"e00fce68e88237db75a60608",2026-09-25 04:00:04.909,2026-09-25 04:00:05.118,2026-09-25 04:00:05.118,2026-09-25
"241","brmv1i3HiR","MOOSPMv3Parser",1790308800,3,3,3,4,4,3,3,4,4,3,742,182,331893,29,22,2,22,22,25,20,22,0,30,28,26,31,29.587,212,1,36.139015,-120.36837,178.408997,8,600,58,3,"e00fce6850cac69f647dc199",2026-09-25 04:00:04.941,2026-09-25 04:00:05.126,2026-09-25 04:00:05.126,2026-09-25
"242","4VrNxplCq2","MOOSPMv3Parser",1790308801,6,6,0,8,8,0,0,8,8,0,1094,310,219311,52,0,3,0,0,28,19,0,0,30,31,30,31,33.863,74,3277,6.4e-05,0.002307,13161.265625,9,600,58,3,"e00fce68e28dcbc9a589be10",2026-09-25 04:00:09.701,2026-09-25 04:00:09.894,2026-09-25 04:00:09.894,2026-09-25
"243","8gGw2cmWEr","MOOSPMv3Parser",1790309400,12,12,0,20,20,0,0,21,21,0,2535,655,0,120,0,14,0,0,27,30,0,2,30,30,37,39,29.089,130,41,36.1875,-119.82209,19.086,9,600,58,3,"e00fce68e739ecbcf9e91965",2026-09-25 04:10:02.593,2026-09-25 04:10:02.777,2026-09-25 04:10:02.777,2026-09-25
"244","I9rA6jsdCs","MOOSPMv3Parser",1790309401,12,12,9,17,17,9,9,20,20,9,2074,632,228860,110,67,12,68,68,0,0,68,0,27,29,40,39,18.307,62,11,36.433624,-119.92337,40.229,10,600,58,3,"e00fce6876826e255108c6bd",2026-09-25 04:10:02.971,2026-09-25 04:10:03.161,2026-09-25 04:10:03.161,2026-09-25
"245","rwsCShVAph","MOOSPMv3Parser",1790309401,16,16,8,22,22,8,8,23,23,8,3050,832,282527,132,63,7,63,63,23,38,63,0,25,26,44,43,21.86,216,1,35.949585,-119.049889,104.625,7,600,58,3,"e00fce6808784ceaf209f949",2026-09-25 04:10:02.99,2026-09-25 04:10:03.163,2026-09-25 04:10:03.163,2026-09-25
"246","T2DuFCXtHM","MOOSPMv3Parser",1790309401,5,5,5,9,9,5,5,10,10,5,617,474,62448,73,36,5,36,36,27,35,36,0,29,30,37,36,20.962,198,1,36.198875,-120.104446,81.995003,7,600,58,3,"e00fce686dc2ef0a68fa40b0",2026-09-25 04:10:03.306,2026-09-25 04:10:03.537,2026-09-25 04:10:03.537,2026-09-25
"247","TbHgXVCS2c","MOOSPMv3Parser",1790309401,7,7,9,16,16,9,9,17,17,9,677,538,147247,98,71,9,71,71,26,36,71,0,27,28,42,40,17.554,194,1,35.963207,-119.291771,36.194,0,600,58,3,"e00fce68d6b773b56ce8baa0",2026-09-25 04:10:03.463,2026-09-25 04:10:03.612,2026-09-25 04:10:03.612,2026-09-25
"248","25FrxutR3y","MOOSPMv3Parser",1790309400,3,3,3,4,4,3,3,5,5,3,787,191,331910,32,23,2,23,23,25,22,23,0,30,28,28,34,30.474,190,1,36.138908,-120.368393,191.544998,6,600,58,3,"e00fce6850cac69f647dc199",2026-09-25 04:10:03.785,2026-09-25 04:10:03.974,2026-09-25 04:10:03.974,2026-09-25
"249","gGcqOqc7jC","MOOSPMv3Parser",1790309401,14,14,9,19,19,10,10,20,20,10,2570,722,160741,110,72,5,73,73,23,51,73,0,25,26,51,50,30.377,134,3,36.523373,-119.278854,108.934998,6,600,58,3,"e00fce68f12da1a0c5de6248",2026-09-25 04:10:03.952,2026-09-25 04:10:04.136,2026-09-25 04:10:04.136,2026-09-25
"250","SvmOm4Vejo","MOOSPMv3Parser",1790309400,7,7,5,9,9,5,5,10,10,5,1698,362,187532,59,36,4,36,36,26,28,36,0,29,30,33,35,20.288,146,1,35.775074,-119.238525,63.285999,11,600,58,3,"e00fce68e88237db75a60608",2026-09-25 04:10:04.908,2026-09-25 04:10:05.053,2026-09-25 04:10:05.053,2026-09-25
"251","SdE05L3GLP","MOOSPMv3Parser",1790309400,8,8,4,10,10,4,4,11,11,4,2388,434,84522,54,31,3,31,31,-10,-10,31,0,27,27,32,34,36.717,112,1,36.503132,-120.325356,66.903999,7,600,58,3,"e00fce68e77e43df92405fdb",2026-09-25 04:10:06.9,2026-09-25 04:10:07.049,2026-09-25 04:10:07.049,2026-09-25
"252","PhU4HlsvDd","MOOSPMv3Parser",1790309401,8,8,0,11,11,0,0,12,12,0,1522,431,219311,70,0,3,0,0,28,22,0,0,30,31,32,33,36.921,70,3277,6.4e-05,0.002307,13161.265625,9,600,58,3,"e00fce68e28dcbc9a589be10",2026-09-25 04:10:09.629,2026-09-25 04:10:09.779,2026-09-25 04:10:09.779,2026-09-25
"253","i24G3h5Sf2","MOOSPMv3Parser",1790310000,13,13,0,20,20,0,0,21,21,0,2720,703,0,119,0,12,0,0,27,31,0,2,29,30,38,40,25.475,152,39,36.187469,-119.822136,34.123001,8,600,58,3,"e00fce68e739ecbcf9e91965",2026-09-25 04:20:02.535,2026-09-25 04:20:02.693,2026-09-25 04:20:02.693,2026-09-25
"254","m3Z87x4fs7","MOOSPMv3Parser",1790310001,10,10,7,15,15,8,8,16,16,8,1794,552,228908,94,58,9,59,59,1,1,59,0,27,29,38,38,19.788,62,18,36.433651,-119.923363,19.174999,11,600,58,3,"e00fce6876826e255108c6bd",2026-09-25 04:20:02.962,2026-09-25 04:20:03.133,2026-09-25 04:20:03.133,2026-09-25
"255","2Y3fczgJME","MOOSPMv3Parser",1790310001,17,17,9,24,24,9,9,24,24,9,3200,876,282587,139,67,7,67,67,23,37,67,0,25,26,42,42,20.927,227,1,35.94949,-119.049965,120.384003,5,600,58,3,"e00fce6808784ceaf209f949",2026-09-25 04:20:03.092,2026-09-25 04:20:03.268,2026-09-25 04:20:03.268,2026-09-25
"256","M1OSBr8XLr","MOOSPMv3Parser",1790310001,14,14,9,19,19,10,10,20,20,10,2634,731,160804,112,73,4,73,73,23,51,73,0,25,26,50,50,28.598,170,3,36.523472,-119.278793,95.009003,7,600,58,3,"e00fce68f12da1a0c5de6248",2026-09-25 04:20:03.256,2026-09-25 04:20:03.436,2026-09-25 04:20:03.436,2026-09-25
"257","HCrCEqor7c","MOOSPMv3Parser",1790310001,6,6,8,13,13,9,9,15,15,9,634,501,147300,91,65,8,65,65,25,36,65,0,27,28,40,39,16.026,202,1,35.96315,-119.291939,51.498001,6,600,58,3,"e00fce68d6b773b56ce8baa0",2026-09-25 04:20:03.535,2026-09-25 04:20:03.729,2026-09-25 04:20:03.729,2026-09-25
"258","l5AYPY9U9w","MOOSPMv3Parser",1790310001,5,5,4,9,9,5,5,10,10,5,621,475,62477,70,34,4,34,34,27,36,34,0,28,30,40,37,21.073,173,1,36.199104,-120.104431,110.304001,7,600,58,3,"e00fce686dc2ef0a68fa40b0",2026-09-25 04:20:03.633,2026-09-25 04:20:03.829,2026-09-25 04:20:03.829,2026-09-25
"259","yaFx4dOlg1","MOOSPMv3Parser",1790310000,3,3,3,4,4,4,4,5,5,4,789,196,331931,32,27,2,27,27,24,22,27,0,29,27,29,35,30.841,176,1,36.139019,-120.368362,160.192001,7,600,58,3,"e00fce6850cac69f647dc199",2026-09-25 04:20:04.172,2026-09-25 04:20:04.411,2026-09-25 04:20:04.411,2026-09-25
"260","WF8ALuJlWF","MOOSPMv3Parser",1790310000,6,6,4,8,8,4,4,9,9,4,1554,322,187560,53,32,3,32,32,26,28,32,0,29,29,32,34,21.29,127,1,35.775059,-119.238541,68.130997,13,600,58,3,"e00fce68e88237db75a60608",2026-09-25 04:20:05.062,2026-09-25 04:20:05.231,2026-09-25 04:20:05.231,2026-09-25
"261","rvyDssCaC9","MOOSPMv3Parser",1790310001,10,10,0,13,13,0,0,14,14,0,1793,508,219311,80,0,4,0,0,28,23,0,0,30,31,33,34,39.675,55,3277,6.4e-05,0.002307,13161.265625,9,600,58,3,"e00fce68e28dcbc9a589be10",2026-09-25 04:20:09.862,2026-09-25 04:20:09.98,2026-09-25 04:20:09.98,2026-09-25
"262","RgeJoEphrx","MOOSPMv3Parser",1790310000,6,6,4,9,9,4,4,9,9,4,2058,362,84547,52,28,3,28,28,25,24,28,0,27,27,31,33,39.028,74,1,36.503067,-120.325386,57.026001,8,600,58,3,"e00fce68e77e43df92405fdb",2026-09-25 04:20:51.445,2026-09-25 04:20:51.615,2026-09-25 04:20:51.615,2026-09-25
"263","MZlgRUtzXL","MOOSPMv3Parser",1790310600,13,13,0,20,20,0,0,22,22,0,2681,703,0,123,0,12,0,0,27,29,0,2,29,30,36,38,23.622,158,31,36.187469,-119.82206,15.947,7,600,58,3,"e00fce68e739ecbcf9e91965",2026-09-25 04:30:02.449,2026-09-25 04:30:02.694,2026-09-25 04:30:02.694,2026-09-25
"264","UCbkP1OFbA","MOOSPMv3Parser",1790310601,8,8,7,13,13,7,7,14,14,7,1571,482,228956,84,53,6,53,53,0,0,53,0,27,29,38,38,20.237,63,25,36.433617,-119.92337,30.603001,9,600,58,3,"e00fce6876826e255108c6bd",2026-09-25 04:30:03.042,2026-09-25 04:30:03.178,2026-09-25 04:30:03.178,2026-09-25
"265","VE4Sc8X4h4","MOOSPMv3Parser",1790310601,20,19,9,28,27,10,10,29,29,10,3710,1012,282653,170,74,8,74,74,23,37,74,0,26,26,41,42,21.238,210,1,35.94949,-119.049965,120.382004,0,600,58,3,"e00fce6808784ceaf209f949",2026-09-25 04:30:03.053,2026-09-25 04:30:03.223,2026-09-25 04:30:03.223,2026-09-25
"266","kwtSONzdx9","MOOSPMv3Parser",1790310601,4,4,7,8,8,7,7,10,10,7,550,430,147348,75,56,7,56,56,25,36,56,0,27,28,39,40,16.491,190,1,35.963196,-119.291779,45.567001,8,600,58,3,"e00fce68d6b773b56ce8baa0",2026-09-25 04:30:03.562,2026-09-25 04:30:03.703,2026-09-25 04:30:03.703,2026-09-25
"267","NZ8Gk6ZHjO","MOOSPMv3Parser",1790310601,14,14,10,20,20,10,10,20,20,10,2672,753,160871,114,76,5,76,76,23,53,76,0,26,26,50,51,26.089,204,4,36.523438,-119.278816,80.872002,7,600,58,3,"e00fce68f12da1a0c5de6248",2026-09-25 04:30:03.786,2026-09-25 04:30:03.971,2026-09-25 04:30:03.971,2026-09-25
"268","YeuZm1GAIR","MOOSPMv3Parser",1790310601,5,5,4,9,9,4,4,9,9,4,611,464,62503,71,31,4,31,31,27,36,31,0,28,30,40,38,20.936,171,1,36.198906,-120.104477,80.170998,8,600,58,3,"e00fce686dc2ef0a68fa40b0",2026-09-25 04:30:03.805,2026-09-25 04:30:04.042,2026-09-25 04:30:04.042,2026-09-25
"269","1F3OrbqMqV","MOOSPMv3Parser",1790310600,3,3,3,5,5,3,3,5,5,3,841,202,331948,31,24,2,24,24,24,23,24,0,29,27,29,35,32.733,136,1,36.138992,-120.368324,166.240005,7,600,58,3,"e00fce6850cac69f647dc199",2026-09-25 04:30:04.444,2026-09-25 04:30:04.613,2026-09-25 04:30:04.613,2026-09-25
"270","4RnmvnwFMY","MOOSPMv3Parser",1790310600,5,5,4,8,8,4,4,8,8,4,1496,311,187588,50,33,4,33,33,26,28,33,0,29,29,32,35,23.405,100,1,35.775051,-119.238548,68.511002,9,600,58,3,"e00fce68e88237db75a60608",2026-09-25 04:30:05.075,2026-09-25 04:30:05.302,2026-09-25 04:30:05.302,2026-09-25
"271","ko6lhZJAQv","MOOSPMv3Parser",1790310600,6,6,3,7,7,3,3,8,8,3,1880,329,84569,41,25,2,25,25,24,22,25,0,27,27,29,32,41.224,40,2,36.503136,-120.32534,62.119999,6,600,58,3,"e00fce68e77e43df92405fdb",2026-09-25 04:30:06.852,2026-09-25 04:30:07.02,2026-09-25 04:30:07.02,2026-09-25
"272","bIVv2IyYLb","MOOSPMv3Parser",1790310601,11,11,0,15,15,0,0,16,16,0,2019,575,219311,95,0,5,0,0,28,23,0,0,30,31,33,34,40.241,70,3277,6.4e-05,0.002307,13161.265625,9,600,58,3,"e00fce68e28dcbc9a589be10",2026-09-25 04:30:09.631,2026-09-25 04:30:09.812,2026-09-25 04:30:09.812,2026-09-25
"273","JlNy8jxnoa","MOOSPMv3Parser",1790311200,13,13,0,20,20,0,0,21,21,0,2626,681,0,117,0,11,0,0,26,28,0,2,29,29,36,37,20.961,157,29,36.187469,-119.82206,15.948,0,600,58,3,"e00fce68e739ecbcf9e91965",2026-09-25 04:40:02.368,2026-09-25 04:40:02.534,2026-09-25 04:40:02.534,2026-09-25
"274","izDD3RT9V9","MOOSPMv3Parser",1790311201,5,5,5,9,9,5,5,9,9,5,616,464,62532,70,36,4,36,36,26,36,36,0,28,29,39,37,21.919,153,1,36.198727,-120.104385,92.682999,4,600,58,3,"e00fce686dc2ef0a68fa40b0",2026-09-25 04:40:02.848,2026-09-25 04:40:03.018,2026-09-25 04:40:03.018,2026-09-25
"275","xblfENong6","MOOSPMv3Parser",1790311201,7,7,6,11,11,7,7,14,14,7,1410,433,228997,79,48,9,48,48,0,0,48,0,27,28,38,39,21.705,63,39,36.433636,-119.923355,35.535,11,600,58,3,"e00fce6876826e255108c6bd",2026-09-25 04:40:02.965,2026-09-25 04:40:03.162,2026-09-25 04:40:03.162,2026-09-25
"276","gdiffVppia","MOOSPMv3Parser",1790311201,21,20,10,29,29,11,11,31,31,11,3928,1072,282724,173,81,10,82,82,24,38,82,0,26,26,42,43,19.155,241,1,35.949574,-119.04998,109.755997,10,600,58,3,"e00fce6808784ceaf209f949",2026-09-25 04:40:03.149,2026-09-25 04:40:03.375,2026-09-25 04:40:03.375,2026-09-25
"277","BvqpQUn9om","MOOSPMv3Parser",1790311201,4,4,7,7,7,7,7,8,8,7,520,403,147394,72,55,7,55,55,25,36,55,0,27,28,41,40,15.809,196,1,35.963158,-119.291824,48.028999,9,600,58,3,"e00fce68d6b773b56ce8baa0",2026-09-25 04:40:03.607,2026-09-25 04:40:03.834,2026-09-25 04:40:03.834,2026-09-25
"278","R1apD9xyLp","MOOSPMv3Parser",1790311200,4,4,3,6,6,3,3,7,7,3,1688,278,84588,38,22,3,22,22,24,20,22,0,27,27,28,30,43.612,18,2,36.503204,-120.325432,55.813999,9,600,58,3,"e00fce68e77e43df92405fdb",2026-09-25 04:40:03.726,2026-09-25 04:40:03.932,2026-09-25 04:40:03.932,2026-09-25
"279","0DHSuxqA2W","MOOSPMv3Parser",1790311200,3,3,3,5,5,3,3,5,5,3,836,205,331964,35,23,2,24,24,24,24,24,0,28,27,30,35,31.52,159,1,36.139019,-120.368301,167.117004,7,600,58,3,"e00fce6850cac69f647dc199",2026-09-25 04:40:04.759,2026-09-25 04:40:05.019,2026-09-25 04:40:05.019,2026-09-25
"280","BxHBFtzCaF","MOOSPMv3Parser",1790311200,6,6,4,8,8,4,4,8,8,4,1564,328,187618,54,33,2,33,33,26,29,33,0,29,29,33,35,23.96,108,1,35.775013,-119.23851,64.683998,12,600,58,3,"e00fce68e88237db75a60608",2026-09-25 04:40:04.892,2026-09-25 04:40:05.102,2026-09-25 04:40:05.102,2026-09-25
"281","AraiUQfZkz","MOOSPMv3Parser",1790311201,12,12,0,16,16,0,0,17,17,0,2182,621,219311,104,0,5,0,0,28,24,0,0,30,31,34,34,40.479,78,3277,6.4e-05,0.002307,13161.265625,9,600,58,3,"e00fce68e28dcbc9a589be10",2026-09-25 04:40:09.775,2026-09-25 04:40:10.035,2026-09-25 04:40:10.035,2026-09-25
"282","Pfp7HknhN9","MOOSPMv3Parser",1790311201,16,16,11,22,22,11,11,23,23,11,2898,814,160945,125,85,6,86,86,23,53,86,0,24,26,54,51,21.087,213,3,36.523338,-119.27887,79.975998,6,600,58,3,"e00fce68f12da1a0c5de6248",2026-09-25 04:40:19.363,2026-09-25 04:40:19.506,2026-09-25 04:40:19.506,2026-09-25
"283","En3PpQY9sd","MOOSPMv3Parser",1790311800,14,14,0,21,21,0,0,22,22,0,2763,715,0,130,0,12,0,0,26,27,0,2,29,29,35,36,18.534,176,23,36.187546,-119.822121,21.858,10,600,58,3,"e00fce68e739ecbcf9e91965",2026-09-25 04:50:02.594,2026-09-25 04:50:02.76,2026-09-25 04:50:02.76,2026-09-25
"284","QpmxNftNrb","MOOSPMv3Parser",1790311801,7,7,6,10,10,6,6,11,11,6,1296,398,229034,59,45,4,45,45,0,0,45,0,27,28,37,39,22.002,63,46,36.433544,-119.923416,20.862,8,600,58,3,"e00fce6876826e255108c6bd",2026-09-25 04:50:02.964,2026-09-25 04:50:03.132,2026-09-25 04:50:03.132,2026-09-25
"285","K0mQuIe7SG","MOOSPMv3Parser",1790311801,19,19,10,26,26,11,11,28,28,11,3494,960,282791,157,80,9,80,80,24,38,80,0,26,26,42,43,19.593,229,1,35.949581,-119.050026,124.165001,9,600,58,3,"e00fce6808784ceaf209f949",2026-09-25 04:50:03.002,2026-09-25 04:50:03.181,2026-09-25 04:50:03.181,2026-09-25
"286","giPR54i1QD","MOOSPMv3Parser",1790311801,5,5,4,9,9,4,4,9,9,4,598,455,62559,69,32,4,32,32,26,37,32,0,27,29,41,38,20.542,191,1,36.198818,-120.104454,86.760002,5,600,58,3,"e00fce686dc2ef0a68fa40b0",2026-09-25 04:50:03.315,2026-09-25 04:50:03.508,2026-09-25 04:50:03.508,2026-09-25
"287","UU9djX3uK3","MOOSPMv3Parser",1790311801,4,4,7,7,7,7,7,8,8,7,526,406,147439,73,53,7,53,53,25,37,53,0,26,27,43,42,15.558,199,1,35.963154,-119.291855,52.189999,11,600,58,3,"e00fce68d6b773b56ce8baa0",2026-09-25 04:50:03.38,2026-09-25 04:50:03.555,2026-09-25 04:50:03.555,2026-09-25
"288","Nyxjku4zyi","MOOSPMv3Parser",1790311800,4,4,3,6,6,3,3,6,6,3,1797,276,84608,38,24,2,24,24,24,20,24,0,27,27,28,31,43.939,13,3,36.503117,-120.325417,47.583,10,600,58,3,"e00fce68e77e43df92405fdb",2026-09-25 04:50:03.708,2026-09-25 04:50:03.857,2026-09-25 04:50:03.857,2026-09-25
"289","RGQo4EkRCc","MOOSPMv3Parser",1790311800,3,3,3,5,5,3,3,5,5,3,859,212,331983,36,25,2,26,26,24,24,26,0,28,26,30,36,28.576,191,1,36.13903,-120.368286,163.294998,7,600,58,3,"e00fce6850cac69f647dc199",2026-09-25 04:50:03.867,2026-09-25 04:50:04.114,2026-09-25 04:50:04.114,2026-09-25
"290","KPBwGmLzZd","MOOSPMv3Parser",1790311801,16,16,11,22,22,11,11,23,23,11,2998,836,161017,129,82,5,83,83,23,54,83,0,23,25,59,52,19.28,211,2,36.523865,-119.278877,102.848,5,600,58,3,"e00fce68f12da1a0c5de6248",2026-09-25 04:50:04.553,2026-09-25 04:50:04.779,2026-09-25 04:50:04.779,2026-09-25
"291","zgKlh7kzHJ","MOOSPMv3Parser",1790311800,6,6,4,8,8,4,4,9,9,4,1580,329,187648,54,34,3,34,34,26,30,34,0,28,29,34,36,22.794,104,1,35.77504,-119.238495,62.566002,11,600,58,3,"e00fce68e88237db75a60608",2026-09-25 04:50:04.97,2026-09-25 04:50:05.166,2026-09-25 04:50:05.166,2026-09-25
"292","KkUMhAoaNc","MOOSPMv3Parser",1790311801,13,13,0,17,17,0,0,18,18,0,2272,644,219311,106,0,4,0,0,28,24,0,0,30,31,35,35,39.966,81,3277,6.4e-05,0.002307,13161.265625,9,600,58,3,"e00fce68e28dcbc9a589be10",2026-09-25 04:50:09.642,2026-09-25 04:50:09.842,2026-09-25 04:50:09.842,2026-09-25
"293","cSl8NRBPOZ","MOOSPMv3Parser",1790312400,14,14,0,21,21,0,0,22,22,0,2835,736,0,131,0,11,0,0,26,25,0,2,29,29,33,35,20.328,172,24,36.187298,-119.822014,46.092999,6,600,58,3,"e00fce68e739ecbcf9e91965",2026-09-25 05:00:02.352,2026-09-25 05:00:02.643,2026-09-25 05:00:02.643,2026-09-25
"294","fpMGReXYpl","MOOSPMv3Parser",1790312401,6,6,5,10,10,6,6,11,11,6,1256,385,229067,63,42,6,42,42,0,0,42,0,27,28,37,38,21.724,63,48,36.433586,-119.923386,25.886,7,600,58,3,"e00fce6876826e255108c6bd",2026-09-25 05:00:03.041,2026-09-25 05:00:03.387,2026-09-25 05:00:03.387,2026-09-25
"295","EnCEhASaAd","MOOSPMv3Parser",1790312401,17,17,10,25,25,10,10,27,27,10,3330,912,282857,150,77,10,77,77,24,38,77,0,25,26,43,43,16.786,254,1,35.94949,-119.04998,94.419998,7,600,58,3,"e00fce6808784ceaf209f949",2026-09-25 05:00:03.153,2026-09-25 05:00:03.409,2026-09-25 05:00:03.409,2026-09-25
"296","aguFqfJ9xW","MOOSPMv3Parser",1790312401,5,5,4,10,10,4,4,11,11,4,631,486,62587,78,33,5,34,34,26,36,34,0,26,29,40,37,17.58,219,1,36.198849,-120.104385,68.703003,7,600,58,3,"e00fce686dc2ef0a68fa40b0",2026-09-25 05:00:03.494,2026-09-25 05:00:03.709,2026-09-25 05:00:03.709,2026-09-25
"297","3XGsufsj8p","MOOSPMv3Parser",1790312401,3,3,7,7,7,7,7,7,7,7,499,385,147481,71,51,6,51,51,25,38,51,0,26,27,44,42,14.365,214,1,35.963234,-119.291862,38.541,10,600,58,3,"e00fce68d6b773b56ce8baa0",2026-09-25 05:00:03.534,2026-09-25 05:00:03.801,2026-09-25 05:00:03.801,2026-09-25
"298","ddGoD3LJXX","MOOSPMv3Parser",1790312400,4,4,3,5,5,4,4,5,5,4,879,218,332006,34,27,2,27,27,23,25,27,0,28,26,31,37,33.186,142,1,36.13903,-120.368286,163.296005,0,600,58,3,"e00fce6850cac69f647dc199",2026-09-25 05:00:04.024,2026-09-25 05:00:04.249,2026-09-25 05:00:04.249,2026-09-25
"299","RgFE6sUS0u","MOOSPMv3Parser",1790312401,16,16,10,22,22,11,11,23,23,11,2964,831,161086,124,80,6,80,80,22,55,80,0,22,25,63,53,18.233,211,2,36.523285,-119.278885,98.443001,5,600,58,3,"e00fce68f12da1a0c5de6248",2026-09-25 05:00:04.185,2026-09-25 05:00:04.345,2026-09-25 05:00:04.345,2026-09-25
"300","1maRtJTyFT","MOOSPMv3Parser",1790312400,6,6,4,9,9,5,5,9,9,5,1633,345,187678,56,35,3,35,35,25,32,35,0,28,28,36,38,20.826,133,1,35.775066,-119.238556,60.508999,10,600,58,3,"e00fce68e88237db75a60608",2026-09-25 05:00:04.908,2026-09-25 05:00:05.082,2026-09-25 05:00:05.082,2026-09-25
"301","UY2dlQWM6A","MOOSPMv3Parser",1790312401,12,12,0,17,17,0,0,18,18,0,2269,642,219311,106,0,4,0,0,27,25,0,0,29,31,35,35,39.51,87,3277,6.4e-05,0.002307,13161.265625,9,600,58,3,"e00fce68e28dcbc9a589be10",2026-09-25 05:00:09.705,2026-09-25 05:00:09.853,2026-09-25 05:00:09.853,2026-09-25
"302","yxh0X97sZx","MOOSPMv3Parser",1790313000,12,12,0,18,18,0,0,20,20,0,2475,637,0,111,0,11,0,0,26,24,0,2,28,29,32,34,20.991,160,30,36.18742,-119.82206,36.862999,7,600,58,3,"e00fce68e739ecbcf9e91965",2026-09-25 05:10:02.45,2026-09-25 05:10:02.633,2026-09-25 05:10:02.633,2026-09-25
"303","hC6Ihv1FVX","MOOSPMv3Parser",1790313001,18,18,10,25,25,10,10,26,26,10,3374,923,282923,151,75,9,76,76,23,39,76,0,25,26,45,44,16.403,258,1,35.949577,-119.050011,121.592003,8,600,58,3,"e00fce6808784ceaf209f949",2026-09-25 05:10:03.256,2026-09-25 05:10:03.407,2026-09-25 05:10:03.407,2026-09-25
"304","M9OvUIprnL","MOOSPMv3Parser",1790313001,7,7,5,10,10,6,6,11,11,6,1298,397,229482,59,42,4,42,42,0,0,42,0,26,27,37,38,21.057,64,46,36.433647,-119.92337,29.813999,6,599,58,3,"e00fce6876826e255108c6bd",2026-09-25 05:10:03.267,2026-09-25 05:10:03.504,2026-09-25 05:10:03.504,2026-09-25
"305","soc0fkbDEh","MOOSPMv3Parser",1790313001,3,3,6,7,7,7,7,7,7,7,496,382,147523,67,49,6,49,49,24,38,49,0,26,27,43,42,14.787,202,1,35.963253,-119.291878,41.580002,7,600,58,3,"e00fce68d6b773b56ce8baa0",2026-09-25 05:10:03.296,2026-09-25 05:10:03.561,2026-09-25 05:10:03.561,2026-09-25
"306","HfJsBwNVyW","MOOSPMv3Parser",1790313001,6,6,5,10,10,5,5,11,11,5,631,484,62617,76,36,5,36,36,25,37,36,0,26,28,44,38,14.952,298,1,36.198818,-120.104462,63.557999,5,600,58,3,"e00fce686dc2ef0a68fa40b0",2026-09-25 05:10:03.801,2026-09-25 05:10:03.977,2026-09-25 05:10:03.977,2026-09-25
"307","qEw1jbRw5j","MOOSPMv3Parser",1790313000,4,4,4,6,6,4,4,6,6,4,954,240,332033,41,28,2,28,28,23,25,28,0,28,25,31,36,34.887,108,1,36.139004,-120.368347,164.278,10,600,58,3,"e00fce6850cac69f647dc199",2026-09-25 05:10:04.498,2026-09-25 05:10:04.663,2026-09-25 05:10:04.663,2026-09-25
"308","g9yBEzxayE","MOOSPMv3Parser",1790313000,6,6,5,10,10,5,5,10,10,5,1681,358,187711,61,37,5,37,37,25,34,37,0,27,28,38,39,20.501,142,1,35.775036,-119.238548,64.091003,10,600,58,3,"e00fce68e88237db75a60608",2026-09-25 05:10:04.907,2026-09-25 05:10:05.11,2026-09-25 05:10:05.11,2026-09-25
"309","wExR5ZXwRk","MOOSPMv3Parser",1790313001,12,12,0,17,17,0,0,18,18,0,2222,628,219311,104,0,5,0,0,27,24,0,0,29,30,35,34,38.208,90,3277,6.4e-05,0.002307,13161.265625,9,600,58,3,"e00fce68e28dcbc9a589be10",2026-09-25 05:10:09.698,2026-09-25 05:10:09.884,2026-09-25 05:10:09.884,2026-09-25
"310","Vaea4f9Ea4","MOOSPMv3Parser",1790313001,16,16,11,22,22,11,11,23,23,11,2936,823,161160,126,84,5,85,85,22,58,85,0,22,24,64,55,17.925,222,2,36.523209,-119.278969,91.278999,5,600,58,3,"e00fce68f12da1a0c5de6248",2026-09-25 05:10:22.123,2026-09-25 05:10:22.337,2026-09-25 05:10:22.337,2026-09-25
"311","0tmLQlhr4v","MOOSPMv3Parser",1790313600,10,10,0,15,15,0,0,15,15,0,2156,544,0,91,0,5,0,0,26,23,0,2,28,29,30,33,23.009,128,40,36.187511,-119.821945,41.791,6,600,58,3,"e00fce68e739ecbcf9e91965",2026-09-25 05:20:02.527,2026-09-25 05:20:02.715,2026-09-25 05:20:02.715,2026-09-25
"312","DICrKJ6GGE","MOOSPMv3Parser",1790313601,5,5,5,10,10,5,5,11,11,5,617,473,62647,77,36,5,36,36,25,37,36,0,26,28,41,38,15.909,269,1,36.198711,-120.1045,63.860001,6,600,58,3,"e00fce686dc2ef0a68fa40b0",2026-09-25 05:20:03.004,2026-09-25 05:20:03.16,2026-09-25 05:20:03.16,2026-09-25
"313","LPrNIG44uR","MOOSPMv3Parser",1790313601,17,17,9,25,25,10,10,26,26,10,3258,892,282985,154,73,10,73,73,23,41,73,0,24,25,47,45,12.269,278,1,35.94965,-119.050011,131.190994,7,600,58,3,"e00fce6808784ceaf209f949",2026-09-25 05:20:03.008,2026-09-25 05:20:03.174,2026-09-25 05:20:03.174,2026-09-25
"314","G7qUXBeLLw","MOOSPMv3Parser",1790313601,6,6,5,9,9,5,5,9,9,5,1197,369,229514,51,38,3,38,38,0,0,38,0,26,27,36,36,20.338,64,43,36.433647,-119.923439,2.829,7,599,58,3,"e00fce6876826e255108c6bd",2026-09-25 05:20:03.045,2026-09-25 05:20:03.205,2026-09-25 05:20:03.205,2026-09-25
"315","Lmd8oufanQ","MOOSPMv3Parser",1790313600,8,8,3,10,10,3,3,11,11,3,4235,520,84673,38,24,3,24,24,-10,-10,24,0,26,26,27,30,40.058,34,3,36.503105,-120.325371,47.749001,0,600,58,3,"e00fce68e77e43df92405fdb",2026-09-25 05:20:03.405,2026-09-25 05:20:03.651,2026-09-25 05:20:03.651,2026-09-25
"316","8ztQy8qeFH","MOOSPMv3Parser",1790313601,3,3,6,7,7,7,7,7,7,7,489,378,147565,70,50,7,50,50,24,38,50,0,26,27,43,42,13.39,213,1,35.963154,-119.291786,67.992996,5,600,58,3,"e00fce68d6b773b56ce8baa0",2026-09-25 05:20:03.517,2026-09-25 05:20:03.711,2026-09-25 05:20:03.711,2026-09-25
"317","azAAsIp0Ek","MOOSPMv3Parser",1790313600,4,4,4,7,7,4,4,7,7,4,1039,261,332064,46,33,3,33,33,23,26,33,0,27,25,31,38,34.156,123,1,36.138985,-120.368385,169.052994,7,600,58,3,"e00fce6850cac69f647dc199",2026-09-25 05:20:04.985,2026-09-25 05:20:05.169,2026-09-25 05:20:05.169,2026-09-25
"318","cfdN0mnvuf","MOOSPMv3Parser",1790313600,7,7,5,10,10,5,5,10,10,5,1744,378,187745,60,39,3,40,40,25,36,40,0,27,27,41,41,20.732,150,1,35.775085,-119.238503,59.021999,8,600,58,3,"e00fce68e88237db75a60608",2026-09-25 05:20:05.083,2026-09-25 05:20:05.237,2026-09-25 05:20:05.237,2026-09-25
"319","vpbcDc1DiR","MOOSPMv3Parser",1790313601,16,16,11,22,22,11,11,23,23,11,2997,841,161234,130,85,5,85,85,22,61,85,0,21,24,68,58,13.809,223,1,36.523232,-119.278786,62.501999,5,600,58,3,"e00fce68f12da1a0c5de6248",2026-09-25 05:20:06.976,2026-09-25 05:20:07.134,2026-09-25 05:20:07.134,2026-09-25
"320","pOaE29BjAp","MOOSPMv3Parser",1790313601,12,12,0,16,16,0,0,17,17,0,2122,603,219311,98,0,4,0,0,27,24,0,0,29,30,34,34,37.803,83,3277,6.4e-05,0.002307,13161.265625,9,600,58,3,"e00fce68e28dcbc9a589be10",2026-09-25 05:20:09.642,2026-09-25 05:20:09.905,2026-09-25 05:20:09.905,2026-09-25
"321","MU40E8TY7g","MOOSPMv3Parser",1790314200,5,5,3,7,7,3,3,7,7,3,2545,326,84692,31,22,2,22,22,23,19,22,0,25,26,28,30,38.02,31,3,36.503136,-120.325371,60.501999,5,600,58,3,"e00fce68e77e43df92405fdb",2026-09-25 05:30:02.334,2026-09-25 05:30:02.521,2026-09-25 05:30:02.521,2026-09-25
"322","EH5PRDlf9X","MOOSPMv3Parser",1790314200,9,9,0,13,13,0,0,13,13,0,1892,478,0,78,0,4,0,0,26,21,0,2,28,28,29,31,22.879,123,47,36.187607,-119.822113,11.728,6,600,58,3,"e00fce68e739ecbcf9e91965",2026-09-25 05:30:02.369,2026-09-25 05:30:02.635,2026-09-25 05:30:02.635,2026-09-25
"323","39ulcqQD9X","MOOSPMv3Parser",1790314201,5,5,4,8,8,5,5,9,9,5,1046,319,229164,51,34,4,34,34,0,0,34,0,25,27,36,36,19.936,64,41,36.433647,-119.923439,2.83,0,600,58,3,"e00fce6876826e255108c6bd",2026-09-25 05:30:03.082,2026-09-25 05:30:03.302,2026-09-25 05:30:03.302,2026-09-25
"324","YT7JwHVUp8","MOOSPMv3Parser",1790314201,4,4,4,8,8,4,4,8,8,4,565,429,62673,65,30,4,30,30,25,38,30,0,25,28,44,40,17.004,205,1,36.198864,-120.104446,66.848999,7,600,58,3,"e00fce686dc2ef0a68fa40b0",2026-09-25 05:30:03.157,2026-09-25 05:30:03.361,2026-09-25 05:30:03.361,2026-09-25
"325","17ULdjKfIZ","MOOSPMv3Parser",1790314201,18,18,10,26,26,10,10,27,27,10,3408,932,283050,157,76,10,76,76,22,43,76,0,24,25,48,46,14.82,256,1,35.949585,-119.050026,84.832001,7,600,58,3,"e00fce6808784ceaf209f949",2026-09-25 05:30:03.295,2026-09-25 05:30:03.442,2026-09-25 05:30:03.442,2026-09-25
"326","77RyKzmuFk","MOOSPMv3Parser",1790314201,4,4,7,7,7,7,7,8,8,7,497,385,147609,69,52,7,52,52,24,39,52,0,25,27,45,43,11.751,222,1,35.963093,-119.291771,28.643999,5,600,58,3,"e00fce68d6b773b56ce8baa0",2026-09-25 05:30:03.559,2026-09-25 05:30:03.765,2026-09-25 05:30:03.765,2026-09-25
"327","zCpA4WeoF8","MOOSPMv3Parser",1790314200,5,5,4,7,7,4,4,7,7,4,1040,264,332095,44,31,2,31,31,22,27,31,0,27,25,32,39,35.192,108,1,36.13892,-120.368309,180.843994,5,600,58,3,"e00fce6850cac69f647dc199",2026-09-25 05:30:03.789,2026-09-25 05:30:03.923,2026-09-25 05:30:03.923,2026-09-25
"328","SxxmEwUzuS","MOOSPMv3Parser",1790314201,17,17,11,24,24,11,11,24,24,11,3122,876,161309,131,85,6,86,86,22,61,86,0,21,24,69,57,11.757,242,1,36.523232,-119.278786,62.497002,0,600,58,3,"e00fce68f12da1a0c5de6248",2026-09-25 05:30:03.876,2026-09-25 05:30:04.054,2026-09-25 05:30:04.054,2026-09-25
"329","H6bGQqNPR4","MOOSPMv3Parser",1790314200,7,7,5,10,10,5,5,10,10,5,1747,383,187779,62,40,3,40,40,24,36,40,0,26,27,39,40,19.472,158,1,35.77499,-119.238571,58.474998,7,600,58,3,"e00fce68e88237db75a60608",2026-09-25 05:30:04.907,2026-09-25 05:30:05.096,2026-09-25 05:30:05.096,2026-09-25
"330","wYGz2EkFFX","MOOSPMv3Parser",1790314201,12,12,0,16,16,0,0,17,17,0,2147,612,219311,103,0,4,0,0,27,25,0,0,28,30,35,35,36.449,100,3277,6.4e-05,0.002307,13161.265625,9,600,58,3,"e00fce68e28dcbc9a589be10",2026-09-25 05:30:09.627,2026-09-25 05:30:09.781,2026-09-25 05:30:09.781,2026-09-25
"331","Hop13ijNJJ","MOOSPMv3Parser",1790314800,8,8,0,12,12,0,0,13,13,0,1698,429,0,74,0,7,0,0,25,20,0,2,28,28,29,31,22.319,124,51,36.187561,-119.821953,16.341,5,600,58,3,"e00fce68e739ecbcf9e91965",2026-09-25 05:40:02.369,2026-09-25 05:40:02.581,2026-09-25 05:40:02.581,2026-09-25
"332","mTztb87d3I","MOOSPMv3Parser",1790314801,17,17,10,25,25,10,10,26,26,10,3247,896,283117,152,77,9,77,77,22,44,77,0,24,25,47,47,15.193,253,1,35.949539,-119.04998,118.917999,8,600,58,3,"e00fce6808784ceaf209f949",2026-09-25 05:40:03.046,2026-09-25 05:40:03.263,2026-09-25 05:40:03.263,2026-09-25
"333","sfzW9iF266","MOOSPMv3Parser",1790314801,5,5,5,8,8,5,5,9,9,5,1068,326,229578,52,35,5,36,36,0,0,36,0,25,27,37,37,19.238,64,39,36.433643,-119.923393,21.493,9,599,58,3,"e00fce6876826e255108c6bd",2026-09-25 05:40:03.123,2026-09-25 05:40:03.301,2026-09-25 05:40:03.301,2026-09-25
"334","GoQnVYVRMl","MOOSPMv3Parser",1790314801,17,17,11,23,23,11,11,24,24,11,3065,859,161383,134,84,5,85,85,21,64,85,0,20,23,70,59,10.567,236,1,36.523304,-119.278831,82.264999,8,600,58,3,"e00fce68f12da1a0c5de6248",2026-09-25 05:40:03.232,2026-09-25 05:40:03.455,2026-09-25 05:40:03.455,2026-09-25
"335","naXkCorD56","MOOSPMv3Parser",1790314801,4,4,4,6,6,4,4,7,7,4,518,388,62696,60,28,3,28,28,24,37,28,0,25,27,42,39,16.504,209,1,36.198792,-120.104439,68.624001,8,600,58,3,"e00fce686dc2ef0a68fa40b0",2026-09-25 05:40:03.41,2026-09-25 05:40:03.604,2026-09-25 05:40:03.604,2026-09-25
"336","YbvG6BFO4x","MOOSPMv3Parser",1790314801,3,3,6,7,7,7,7,7,7,7,501,382,147650,66,49,7,49,49,24,40,49,0,24,26,48,44,10.894,223,1,35.963272,-119.291855,31.594999,6,600,58,3,"e00fce68d6b773b56ce8baa0",2026-09-25 05:40:03.687,2026-09-25 05:40:03.865,2026-09-25 05:40:03.865,2026-09-25
"337","1JGmvWI9hk","MOOSPMv3Parser",1790314800,4,4,4,7,7,4,4,7,7,4,1053,263,332126,43,31,2,31,31,22,28,31,0,27,25,33,39,34.356,116,1,36.138805,-120.368118,188.410995,5,600,58,3,"e00fce6850cac69f647dc199",2026-09-25 05:40:04.173,2026-09-25 05:40:04.39,2026-09-25 05:40:04.39,2026-09-25
"338","0SSPlH8CBN","MOOSPMv3Parser",1790314800,7,7,5,10,10,6,6,11,11,6,1775,397,187815,66,42,4,42,42,24,36,42,0,26,27,39,41,19.591,156,1,35.775032,-119.238541,68.584999,6,600,58,3,"e00fce68e88237db75a60608",2026-09-25 05:40:04.986,2026-09-25 05:40:05.181,2026-09-25 05:40:05.181,2026-09-25
"339","gk2zcvzYeq","MOOSPMv3Parser",1790314801,12,12,0,16,16,0,0,17,17,0,2116,604,219311,105,0,5,0,0,26,25,0,0,28,30,36,35,34.735,115,3277,6.4e-05,0.002307,13161.265625,9,600,58,3,"e00fce68e28dcbc9a589be10",2026-09-25 05:40:09.649,2026-09-25 05:40:09.83,2026-09-25 05:40:09.83,2026-09-25
"340","u2SPsLUYs9","MOOSPMv3Parser",1790314800,3,3,3,5,5,3,3,5,5,3,1874,227,84711,32,22,2,22,22,23,20,22,0,24,25,30,31,35.483,56,3,36.503086,-120.325348,55.730999,7,600,58,3,"e00fce68e77e43df92405fdb",2026-09-25 05:40:40.312,2026-09-25 05:40:40.515,2026-09-25 05:40:40.515,2026-09-25
"341","neFo6nzCAO","MOOSPMv3Parser",1790315400,6,6,0,10,10,0,0,10,10,0,1475,367,0,60,0,6,0,0,25,20,0,2,27,28,29,31,23.453,100,60,36.187565,-119.821846,22.444,5,600,58,3,"e00fce68e739ecbcf9e91965",2026-09-25 05:50:02.582,2026-09-25 05:50:02.756,2026-09-25 05:50:02.756,2026-09-25
"342","meF4NZ0DV7","MOOSPMv3Parser",1790315400,3,3,3,5,5,3,4,5,5,4,1476,213,84730,30,22,2,23,23,22,21,23,1,23,25,32,33,31.2,92,3,36.503159,-120.325394,75.908997,6,600,58,3,"e00fce68e77e43df92405fdb",2026-09-25 05:50:02.955,2026-09-25 05:50:03.11,2026-09-25 05:50:03.11,2026-09-25
"343","Ne579DkQss","MOOSPMv3Parser",1790315401,17,17,9,24,24,9,9,25,25,9,3153,873,283176,146,67,8,67,67,22,44,67,0,24,24,48,47,15.752,245,1,35.949661,-119.049919,114.959,7,600,58,3,"e00fce6808784ceaf209f949",2026-09-25 05:50:02.99,2026-09-25 05:50:03.218,2026-09-25 05:50:03.218,2026-09-25
"344","Va4he7Sl3i","MOOSPMv3Parser",1790315401,17,17,11,23,23,12,12,25,25,12,3117,880,161459,139,88,6,88,88,21,65,88,0,21,23,69,61,11.975,213,1,36.523281,-119.278816,73.264999,6,600,58,3,"e00fce68f12da1a0c5de6248",2026-09-25 05:50:03.188,2026-09-25 05:50:03.377,2026-09-25 05:50:03.377,2026-09-25
"345","nJ7GpKfSAh","MOOSPMv3Parser",1790315401,6,6,5,9,9,5,5,10,10,5,1165,358,229610,54,37,5,37,37,0,0,37,0,24,26,38,37,18.144,65,27,36.433659,-119.923302,45.472,6,599,58,3,"e00fce6876826e255108c6bd",2026-09-25 05:50:03.189,2026-09-25 05:50:03.443,2026-09-25 05:50:03.443,2026-09-25
"346","79l4JVkeXz","MOOSPMv3Parser",1790315401,3,3,3,6,6,3,3,6,6,3,492,367,62718,54,26,3,26,26,24,36,26,0,25,27,40,37,17.61,202,1,36.198803,-120.104385,58.119999,6,600,58,3,"e00fce686dc2ef0a68fa40b0",2026-09-25 05:50:03.711,2026-09-25 05:50:03.89,2026-09-25 05:50:03.89,2026-09-25
"347","DroAUC6eXI","MOOSPMv3Parser",1790315400,4,4,4,6,6,4,4,7,7,4,1028,260,332156,42,31,2,31,31,22,29,31,0,26,24,34,40,26.836,193,1,36.13884,-120.368378,164.156006,7,600,58,3,"e00fce6850cac69f647dc199",2026-09-25 05:50:04.415,2026-09-25 05:50:04.575,2026-09-25 05:50:04.575,2026-09-25
"348","O5oZAfKtu2","MOOSPMv3Parser",1790315400,7,7,5,10,10,6,6,11,11,6,1766,387,187852,67,42,4,42,42,24,38,42,0,26,26,40,42,19.293,159,1,35.775032,-119.238541,68.581001,0,600,58,3,"e00fce68e88237db75a60608",2026-09-25 05:50:04.986,2026-09-25 05:50:05.262,2026-09-25 05:50:05.262,2026-09-25
"349","FsIhsieERN","MOOSPMv3Parser",1790315401,3,3,6,6,6,6,6,7,7,6,471,361,147689,65,47,6,47,47,23,42,47,0,24,26,49,46,10.792,216,1,35.963207,-119.291817,72.099998,7,600,58,3,"e00fce68d6b773b56ce8baa0",2026-09-25 05:50:07.216,2026-09-25 05:50:07.399,2026-09-25 05:50:07.399,2026-09-25
"350","ESkCyUyM1N","MOOSPMv3Parser",1790315401,11,11,0,16,16,0,0,16,16,0,2052,586,219311,100,0,5,0,0,26,26,0,0,27,29,37,36,32.299,138,3277,6.4e-05,0.002307,13161.265625,9,600,58,3,"e00fce68e28dcbc9a589be10",2026-09-25 05:50:09.707,2026-09-25 05:50:09.864,2026-09-25 05:50:09.864,2026-09-25
"351","PTYqVnL3at","MOOSPMv3Parser",1790316000,6,6,0,9,9,0,0,9,9,0,1379,340,0,58,0,5,0,0,25,19,0,2,27,28,28,30,23.191,90,76,36.187492,-119.822052,21.527,8,600,58,3,"e00fce68e739ecbcf9e91965",2026-09-25 06:00:02.59,2026-09-25 06:00:03.016,2026-09-25 06:00:03.016,2026-09-25
"352","SIDRKfxnJx","MOOSPMv3Parser",1790316001,3,3,3,5,5,3,3,6,6,3,475,350,62738,52,24,4,24,24,24,36,24,0,25,27,40,37,17.26,186,1,36.198837,-120.10453,49.532001,5,600,58,3,"e00fce686dc2ef0a68fa40b0",2026-09-25 06:00:02.83,2026-09-25 06:00:03.389,2026-09-25 06:00:03.389,2026-09-25
"353","EEgMHLFq2T","MOOSPMv3Parser",1790316001,17,17,11,23,23,12,12,24,24,12,3123,877,161537,132,89,5,89,89,21,66,89,0,20,23,71,61,12.708,186,1,36.523365,-119.278763,84.734001,6,600,58,3,"e00fce68f12da1a0c5de6248",2026-09-25 06:00:03.096,2026-09-25 06:00:03.604,2026-09-25 06:00:03.604,2026-09-25
"354","QNvMcp7Z0t","MOOSPMv3Parser",1790316001,15,15,8,21,21,8,8,22,22,8,2898,795,283230,125,63,7,64,64,22,44,64,0,24,24,48,47,16.64,238,1,35.949642,-119.049957,120.289001,8,600,58,3,"e00fce6808784ceaf209f949",2026-09-25 06:00:03.166,2026-09-25 06:00:03.912,2026-09-25 06:00:03.912,2026-09-25
"355","BAXZHOCSuH","MOOSPMv3Parser",1790316001,7,7,5,10,10,6,6,11,11,6,1268,389,229645,68,42,6,42,42,0,0,42,0,24,26,39,38,15.932,65,9,36.433666,-119.92337,34.98,7,599,58,3,"e00fce6876826e255108c6bd",2026-09-25 06:00:03.299,2026-09-25 06:00:04.014,2026-09-25 06:00:04.014,2026-09-25
"356","uEoB4TADEK","MOOSPMv3Parser",1790316001,3,3,6,6,6,6,6,6,6,6,451,342,147728,60,46,6,46,46,23,41,46,0,24,25,48,45,9.637,219,1,35.963207,-119.291817,72.094002,0,600,58,3,"e00fce68d6b773b56ce8baa0",2026-09-25 06:00:03.457,2026-09-25 06:00:04.039,2026-09-25 06:00:04.039,2026-09-25
"357","vIBvI6WOUv","MOOSPMv3Parser",1790316000,5,5,4,7,7,4,4,7,7,4,1090,275,332188,44,32,2,32,32,22,30,32,0,26,24,34,41,31.8,151,1,36.139023,-120.368256,205.210999,7,600,58,3,"e00fce6850cac69f647dc199",2026-09-25 06:00:04.895,2026-09-25 06:00:05.207,2026-09-25 06:00:05.207,2026-09-25
"358","vXkGxfaeMa","MOOSPMv3Parser",1790316000,8,8,5,11,11,6,6,12,12,6,1851,415,187889,70,42,4,42,42,24,38,42,0,26,26,41,42,18.254,166,1,35.775059,-119.238495,70.125999,6,600,58,3,"e00fce68e88237db75a60608",2026-09-25 06:00:04.991,2026-09-25 06:00:05.415,2026-09-25 06:00:05.415,2026-09-25
"359","BHkwBDDog8","MOOSPMv3Parser",1790316000,4,4,3,5,5,4,4,6,6,4,1528,228,84750,33,24,3,24,24,-10,-10,24,1,23,24,32,33,29.817,120,2,36.50322,-120.325394,59.300999,8,600,58,3,"e00fce68e77e43df92405fdb",2026-09-25 06:00:07.481,2026-09-25 06:00:07.642,2026-09-25 06:00:07.642,2026-09-25
"360","WGWCQHkKQJ","MOOSPMv3Parser",1790316001,10,10,0,15,15,0,0,15,15,0,1969,556,219311,89,0,4,0,0,26,26,0,0,27,29,37,36,32.433,142,3277,6.4e-05,0.002307,13161.265625,9,600,58,3,"e00fce68e28dcbc9a589be10",2026-09-25 06:00:09.65,2026-09-25 06:00:09.814,2026-09-25 06:00:09.814,2026-09-25
"361","7vREb4mDAr","MOOSPMv3Parser",1790316600,5,5,0,7,7,0,0,8,8,0,1161,282,0,49,0,3,0,0,25,17,0,2,27,27,27,29,24.143,71,104,36.187492,-119.822052,21.532,0,600,58,3,"e00fce68e739ecbcf9e91965",2026-09-25 06:10:02.471,2026-09-25 06:10:02.626,2026-09-25 06:10:02.626,2026-09-25
"362","QBrclLMJSM","MOOSPMv3Parser",1790316601,18,18,11,24,24,12,12,25,25,12,3204,908,161615,137,89,7,90,90,21,66,90,0,20,22,70,61,12.755,176,1,36.523239,-119.278816,79.240997,6,600,58,3,"e00fce68f12da1a0c5de6248",2026-09-25 06:10:03.071,2026-09-25 06:10:03.217,2026-09-25 06:10:03.217,2026-09-25
"363","uaujyQ0iIj","MOOSPMv3Parser",1790316601,7,7,6,11,11,7,7,13,13,7,1430,439,229690,73,49,7,49,49,0,0,49,0,23,25,40,39,15.546,65,7,36.433704,-119.923378,33.050999,6,599,58,3,"e00fce6876826e255108c6bd",2026-09-25 06:10:03.044,2026-09-25 06:10:03.226,2026-09-25 06:10:03.226,2026-09-25
"364","vyiebWNb21","MOOSPMv3Parser",1790316601,14,14,7,20,20,8,8,21,21,8,2651,734,283279,123,59,6,59,59,22,45,59,0,23,24,48,47,17.139,230,1,35.949574,-119.049934,116.872002,7,600,58,3,"e00fce6808784ceaf209f949",2026-09-25 06:10:03.093,2026-09-25 06:10:03.327,2026-09-25 06:10:03.327,2026-09-25
"365","CxKqIlmd5I","MOOSPMv3Parser",1790316601,2,2,3,4,4,3,3,4,4,3,426,308,62757,46,22,3,23,23,24,35,23,0,25,26,38,36,19.459,147,1,36.19878,-120.104416,78.915001,8,600,58,3,"e00fce686dc2ef0a68fa40b0",2026-09-25 06:10:03.15,2026-09-25 06:10:03.357,2026-09-25 06:10:03.357,2026-09-25
"366","jS3nhBLr4I","MOOSPMv3Parser",1790316601,3,3,6,6,6,6,6,6,6,6,442,333,147765,58,44,5,44,44,23,42,44,0,23,25,50,46,10.997,216,1,35.963169,-119.291824,37.167,8,600,58,3,"e00fce68d6b773b56ce8baa0",2026-09-25 06:10:03.372,2026-09-25 06:10:03.565,2026-09-25 06:10:03.565,2026-09-25
"367","4GjZkNN11K","MOOSPMv3Parser",1790316600,4,4,4,6,6,4,4,7,7,4,1024,255,332220,44,32,3,32,32,22,31,32,0,26,24,35,41,31.896,137,1,36.138992,-120.36834,162.350006,8,600,58,3,"e00fce6850cac69f647dc199",2026-09-25 06:10:03.709,2026-09-25 06:10:03.836,2026-09-25 06:10:03.836,2026-09-25
"368","3xpxpdNSFh","MOOSPMv3Parser",1790316600,7,7,6,11,11,6,6,11,11,6,1793,404,187928,74,43,3,44,44,23,39,44,0,26,26,41,42,17.374,176,1,35.775059,-119.238525,60.48,6,600,58,3,"e00fce68e88237db75a60608",2026-09-25 06:10:04.987,2026-09-25 06:10:05.189,2026-09-25 06:10:05.189,2026-09-25
"369","Mqjncw5sZ0","MOOSPMv3Parser",1790316600,3,3,3,5,5,3,4,6,6,4,1499,226,84768,31,22,2,22,22,22,22,22,1,23,24,31,33,34.987,72,2,36.503124,-120.325409,49.411999,7,600,58,3,"e00fce68e77e43df92405fdb",2026-09-25 06:10:06.614,2026-09-25 06:10:06.752,2026-09-25 06:10:06.752,2026-09-25
"370","nL8BTnYnPG","MOOSPMv3Parser",1790316601,10,10,0,14,14,0,0,15,15,0,1865,529,219311,89,0,4,0,0,26,26,0,0,27,28,37,36,31.905,137,3277,6.4e-05,0.002307,13161.265625,9,600,58,3,"e00fce68e28dcbc9a589be10",2026-09-25 06:10:09.717,2026-09-25 06:10:09.953,2026-09-25 06:10:09.953,2026-09-25
"371","t2m5JhDTiE","MOOSPMv3Parser",1790317200,4,4,0,7,7,0,0,8,8,0,1186,284,0,49,0,4,0,0,24,18,0,2,27,27,28,29,24.473,56,142,36.187458,-119.821983,22.027,7,600,58,3,"e00fce68e739ecbcf9e91965",2026-09-25 06:20:02.436,2026-09-25 06:20:02.634,2026-09-25 06:20:02.634,2026-09-25
"372","epcjJA69oF","MOOSPMv3Parser",1790317201,7,7,6,11,11,6,6,12,12,6,1355,416,229732,72,47,9,47,47,0,0,47,0,23,25,39,39,16.485,65,9,36.433636,-119.923485,17.825001,6,599,58,3,"e00fce6876826e255108c6bd",2026-09-25 06:20:03.042,2026-09-25 06:20:03.294,2026-09-25 06:20:03.294,2026-09-25
"373","w40xsQzkjd","MOOSPMv3Parser",1790317201,13,13,7,18,18,7,7,19,19,7,2478,683,283327,111,54,6,54,54,22,45,54,0,24,24,48,48,17.835,212,1,35.949574,-119.049934,116.878998,0,600,58,3,"e00fce6808784ceaf209f949",2026-09-25 06:20:03.095,2026-09-25 06:20:03.31,2026-09-25 06:20:03.31,2026-09-25
"374","6T32MvPgim","MOOSPMv3Parser",1790317201,18,18,12,24,24,12,12,25,25,12,3249,917,161694,143,91,6,91,91,20,66,91,0,20,22,70,61,14.496,165,1,36.52335,-119.278831,86.525002,5,600,58,3,"e00fce68f12da1a0c5de6248",2026-09-25 06:20:03.264,2026-09-25 06:20:03.457,2026-09-25 06:20:03.457,2026-09-25
"375","j7fQVfxEsB","MOOSPMv3Parser",1790317201,3,3,6,6,6,6,6,6,6,6,450,339,147803,61,45,6,45,45,23,42,45,0,23,25,50,47,8.859,219,1,35.963154,-119.291878,43.959,8,600,58,3,"e00fce68d6b773b56ce8baa0",2026-09-25 06:20:03.525,2026-09-25 06:20:03.662,2026-09-25 06:20:03.662,2026-09-25
"376","ZztK1gnxGk","MOOSPMv3Parser",1790317201,1,1,3,3,3,3,3,3,3,3,387,273,62773,42,20,3,20,20,24,36,20,0,25,26,37,37,21.255,106,1,36.19878,-120.104416,78.913002,0,600,58,3,"e00fce686dc2ef0a68fa40b0",2026-09-25 06:20:03.673,2026-09-25 06:20:03.844,2026-09-25 06:20:03.844,2026-09-25
"377","cajw4xme3J","MOOSPMv3Parser",1790317200,5,5,4,7,7,5,5,7,7,5,1091,277,332252,47,34,2,34,34,21,32,34,0,25,23,35,42,30.904,157,1,36.138969,-120.368408,159.397003,6,600,58,3,"e00fce6850cac69f647dc199",2026-09-25 06:20:04.123,2026-09-25 06:20:04.426,2026-09-25 06:20:04.426,2026-09-25
"378","KCk37BbAug","MOOSPMv3Parser",1790317200,7,7,6,11,11,6,6,11,11,6,1822,406,187966,71,44,5,44,44,23,41,44,0,25,25,43,45,15.836,190,1,35.775169,-119.238457,63.546001,7,600,58,3,"e00fce68e88237db75a60608",2026-09-25 06:20:04.971,2026-09-25 06:20:05.169,2026-09-25 06:20:05.169,2026-09-25
"379","31EpU0j9Kg","MOOSPMv3Parser",1790317200,3,3,3,5,5,3,3,5,5,3,1461,218,84786,32,21,2,21,21,22,23,21,0,23,24,33,35,33.947,60,3,36.503159,-120.325432,48.514999,7,600,58,3,"e00fce68e77e43df92405fdb",2026-09-25 06:20:09.069,2026-09-25 06:20:09.276,2026-09-25 06:20:09.276,2026-09-25
"380","6MGqcKY1XR","MOOSPMv3Parser",1790317201,10,10,0,14,14,0,0,14,14,0,1899,539,219311,85,0,4,0,0,25,27,0,0,26,28,38,37,29.877,161,3277,6.4e-05,0.002307,13161.265625,9,600,58,3,"e00fce68e28dcbc9a589be10",2026-09-25 06:20:09.691,2026-09-25 06:20:09.904,2026-09-25 06:20:09.904,2026-09-25
"381","dx3joXVLmd","MOOSPMv3Parser",1790317800,5,5,0,7,7,0,0,8,8,0,1193,289,0,50,0,5,0,0,24,18,0,2,26,27,29,30,23.576,71,146,36.187553,-119.821991,29.885,7,600,58,3,"e00fce68e739ecbcf9e91965",2026-09-25 06:30:02.596,2026-09-25 06:30:02.909,2026-09-25 06:30:02.909,2026-09-25
"382","xdXAWOXzUR","MOOSPMv3Parser",1790317801,7,7,6,10,10,6,6,11,11,6,1303,400,229770,64,44,4,44,44,0,0,44,0,23,25,40,39,15.871,66,11,36.433537,-119.923363,22.341,7,599,58,3,"e00fce6876826e255108c6bd",2026-09-25 06:30:03.044,2026-09-25 06:30:03.202,2026-09-25 06:30:03.202,2026-09-25
"383","Ued64GALHm","MOOSPMv3Parser",1790317801,13,13,7,18,18,7,7,19,19,7,2468,682,283374,108,52,6,53,53,22,44,53,0,24,24,48,47,17.457,213,1,35.949474,-119.050026,102.253998,6,600,58,3,"e00fce6808784ceaf209f949",2026-09-25 06:30:03.07,2026-09-25 06:30:03.286,2026-09-25 06:30:03.286,2026-09-25
"384","iLaHqQJJKf","MOOSPMv3Parser",1790317801,3,3,6,7,7,7,7,7,7,7,469,360,147845,65,50,6,50,50,22,43,50,0,23,25,50,48,5.705,229,1,35.963043,-119.29174,60.693001,7,600,58,3,"e00fce68d6b773b56ce8baa0",2026-09-25 06:30:03.518,2026-09-25 06:30:03.752,2026-09-25 06:30:03.752,2026-09-25
"385","NA8LVhGnPZ","MOOSPMv3Parser",1790317801,1,1,3,3,3,3,3,3,3,3,391,281,62791,43,21,2,21,21,24,35,21,0,25,26,37,36,20.615,112,1,36.198826,-120.104393,75.977997,10,600,58,3,"e00fce686dc2ef0a68fa40b0",2026-09-25 06:30:03.784,2026-09-25 06:30:03.966,2026-09-25 06:30:03.966,2026-09-25
"386","S6ccwiF4tA","MOOSPMv3Parser",1790317801,18,18,12,25,25,12,12,26,26,12,3233,908,161774,147,90,7,91,91,20,67,91,0,20,22,69,62,14.236,161,1,36.522999,-119.278847,77.280998,5,600,58,3,"e00fce68f12da1a0c5de6248",2026-09-25 06:30:03.864,2026-09-25 06:30:04.063,2026-09-25 06:30:04.063,2026-09-25
"387","VFoJZMo6zp","MOOSPMv3Parser",1790317800,5,5,4,7,7,5,5,7,7,5,1059,266,332284,47,34,3,34,34,21,32,34,0,25,23,36,42,31.801,149,1,36.138969,-120.368408,159.397995,0,600,58,3,"e00fce6850cac69f647dc199",2026-09-25 06:30:04.355,2026-09-25 06:30:04.509,2026-09-25 06:30:04.509,2026-09-25
"388","JMkDBDW7Ko","MOOSPMv3Parser",1790317800,7,7,6,11,11,6,6,11,11,6,1875,420,188006,69,46,3,46,46,23,45,46,0,25,25,46,47,15.811,199,1,35.775131,-119.238548,52.125999,7,600,58,3,"e00fce68e88237db75a60608",2026-09-25 06:30:05.126,2026-09-25 06:30:05.303,2026-09-25 06:30:05.303,2026-09-25
"389","03p3GDetyj","MOOSPMv3Parser",1790317801,10,10,0,15,15,0,0,16,16,0,1922,547,219311,97,0,5,0,0,25,27,0,0,26,28,38,37,27.518,190,3277,6.4e-05,0.002307,13161.265625,9,600,58,3,"e00fce68e28dcbc9a589be10",2026-09-25 06:30:09.71,2026-09-25 06:30:09.922,2026-09-25 06:30:09.922,2026-09-25
"390","UZzEGlIzJi","MOOSPMv3Parser",1790317800,4,4,3,5,5,3,3,5,5,3,1504,223,84804,32,21,2,21,21,21,25,21,0,22,23,34,36,33.78,76,3,36.503048,-120.325356,63.902,5,600,58,3,"e00fce68e77e43df92405fdb",2026-09-25 06:30:20.014,2026-09-25 06:30:20.194,2026-09-25 06:30:20.194,2026-09-25
"391","VF5GI5vXaB","MOOSPMv3Parser",1790318400,4,4,0,6,6,0,0,7,7,0,1147,270,0,42,0,2,0,0,24,19,0,2,26,26,29,31,22.401,81,147,36.187668,-119.822128,20.587,6,600,58,3,"e00fce68e739ecbcf9e91965",2026-09-25 06:40:02.444,2026-09-25 06:40:02.649,2026-09-25 06:40:02.649,2026-09-25
"392","72IzHUWyuH","MOOSPMv3Parser",1790318400,3,3,2,4,4,3,3,5,5,3,1483,209,84821,28,19,1,19,19,21,26,19,0,23,23,34,38,37.838,33,3,36.503075,-120.325302,57.778,6,600,58,3,"e00fce68e77e43df92405fdb",2026-09-25 06:40:02.57,2026-09-25 06:40:02.765,2026-09-25 06:40:02.765,2026-09-25
"393","NAGSBAAhMY","MOOSPMv3Parser",1790318401,1,1,3,4,4,3,3,4,4,3,403,287,62809,45,21,3,21,21,23,36,21,0,24,26,39,37,20.1,130,1,36.198849,-120.104385,62.229,11,600,58,3,"e00fce686dc2ef0a68fa40b0",2026-09-25 06:40:02.752,2026-09-25 06:40:03.032,2026-09-25 06:40:03.032,2026-09-25
"394","oy1XRJ4GrZ","MOOSPMv3Parser",1790318401,5,5,4,7,7,5,5,8,8,5,942,289,229801,48,34,5,35,35,0,0,35,0,23,24,39,39,16.975,66,10,36.433578,-119.923363,33.703999,6,599,58,3,"e00fce6876826e255108c6bd",2026-09-25 06:40:03.123,2026-09-25 06:40:03.285,2026-09-25 06:40:03.285,2026-09-25
"395","NHkxFF0N68","MOOSPMv3Parser",1790318401,13,13,7,18,18,7,7,19,19,7,2517,693,283423,111,54,5,54,54,22,43,54,0,23,24,47,46,17.225,210,1,35.949562,-119.049973,117.987999,7,600,58,3,"e00fce6808784ceaf209f949",2026-09-25 06:40:03.155,2026-09-25 06:40:03.366,2026-09-25 06:40:03.366,2026-09-25
"396","vFHUqpoLbC","MOOSPMv3Parser",1790318401,17,17,11,23,23,12,12,24,24,12,3119,876,161849,130,87,6,87,87,20,66,87,0,20,22,69,62,15.486,178,1,36.523376,-119.27877,80.580002,6,600,58,3,"e00fce68f12da1a0c5de6248",2026-09-25 06:40:03.206,2026-09-25 06:40:03.442,2026-09-25 06:40:03.442,2026-09-25
"397","YWboJYN2ZV","MOOSPMv3Parser",1790318401,4,4,7,8,8,7,7,9,9,7,521,405,147892,71,55,7,56,56,22,43,56,0,23,24,52,48,1.717,245,1,35.963142,-119.291885,46.558998,8,600,58,3,"e00fce68d6b773b56ce8baa0",2026-09-25 06:40:03.609,2026-09-25 06:40:03.802,2026-09-25 06:40:03.802,2026-09-25
"398","dHEEaJIpJw","MOOSPMv3Parser",1790318400,5,5,4,7,7,5,5,7,7,5,1119,279,332316,46,35,2,35,35,21,32,35,0,25,23,36,42,29.686,177,1,36.13895,-120.368385,170.300003,11,600,58,3,"e00fce6850cac69f647dc199",2026-09-25 06:40:04.753,2026-09-25 06:40:04.884,2026-09-25 06:40:04.884,2026-09-25
"399","eEBsFpCpqb","MOOSPMv3Parser",1790318400,8,8,6,12,12,6,6,13,13,6,1878,432,188046,78,47,5,47,47,22,49,47,0,23,25,50,49,14.244,221,1,35.775063,-119.238464,63.763,7,600,58,3,"e00fce68e88237db75a60608",2026-09-25 06:40:04.986,2026-09-25 06:40:05.159,2026-09-25 06:40:05.159,2026-09-25
"400","mmPSNMUL5n","MOOSPMv3Parser",1790318401,11,11,0,15,15,0,0,15,15,0,1977,561,219311,95,0,4,0,0,25,28,0,0,26,27,39,38,26.635,209,3277,6.4e-05,0.002307,13161.265625,9,600,58,3,"e00fce68e28dcbc9a589be10",2026-09-25 06:40:09.707,2026-09-25 06:40:09.879,2026-09-25 06:40:09.879,2026-09-25
"401","qaEhkVU5vQ","MOOSPMv3Parser",1790319000,5,5,0,7,7,0,0,8,8,0,1186,286,0,48,0,4,0,0,24,19,0,2,26,26,29,31,21.164,98,146,36.187401,-119.822151,26.677999,7,600,58,3,"e00fce68e739ecbcf9e91965",2026-09-25 06:50:02.517,2026-09-25 06:50:02.682,2026-09-25 06:50:02.682,2026-09-25
"402","HJ4pwJe2Cc","MOOSPMv3Parser",1790319000,3,3,2,4,4,3,3,5,5,3,1388,201,84837,31,19,2,19,19,21,22,19,0,23,23,30,33,37.083,28,3,36.503059,-120.325409,50.830002,7,600,58,3,"e00fce68e77e43df92405fdb",2026-09-25 06:50:02.916,2026-09-25 06:50:03.096,2026-09-25 06:50:03.096,2026-09-25
"403","8SsP0t1sSm","MOOSPMv3Parser",1790319001,14,14,7,19,19,7,7,20,20,7,2544,704,283471,113,55,5,56,56,22,43,56,0,23,24,48,46,17.347,206,1,35.949623,-119.049919,122.285004,7,600,58,3,"e00fce6808784ceaf209f949",2026-09-25 06:50:02.998,2026-09-25 06:50:03.24,2026-09-25 06:50:03.24,2026-09-25
"404","XvimOI5qJ6","MOOSPMv3Parser",1790319001,16,16,11,22,22,12,12,23,23,12,3054,856,161926,134,87,5,88,88,20,65,88,0,22,22,62,60,15.395,174,2,36.522362,-119.278793,18.530001,5,600,58,3,"e00fce68f12da1a0c5de6248",2026-09-25 06:50:02.994,2026-09-25 06:50:03.256,2026-09-25 06:50:03.256,2026-09-25
"405","igGoJqGKBb","MOOSPMv3Parser",1790319001,3,3,4,6,6,4,4,6,6,4,497,368,62832,57,28,3,28,28,23,37,28,0,24,26,41,38,18.259,211,1,36.198849,-120.10434,57.532001,8,600,58,3,"e00fce686dc2ef0a68fa40b0",2026-09-25 06:50:03.146,2026-09-25 06:50:03.315,2026-09-25 06:50:03.315,2026-09-25
"406","A5BLRz7wPi","MOOSPMv3Parser",1790319001,3,3,4,5,5,4,4,6,6,4,729,224,229445,37,30,3,30,30,0,0,30,0,23,24,38,39,17.911,66,12,36.433571,-119.923401,23.573999,5,600,58,3,"e00fce6876826e255108c6bd",2026-09-25 06:50:03.109,2026-09-25 06:50:03.334,2026-09-25 06:50:03.334,2026-09-25
"407","JS0jMgVdUh","MOOSPMv3Parser",1790319001,5,5,9,11,11,9,9,12,12,9,593,466,147948,87,67,8,67,67,22,45,67,0,22,24,54,50,4.805,243,1,35.963081,-119.291641,77.096001,7,600,58,3,"e00fce68d6b773b56ce8baa0",2026-09-25 06:50:03.535,2026-09-25 06:50:03.682,2026-09-25 06:50:03.682,2026-09-25
"408","aT8McgtFpn","MOOSPMv3Parser",1790319000,5,5,5,8,8,5,5,8,8,5,1181,298,332348,51,39,3,39,39,21,32,39,0,25,23,36,42,25.827,232,1,36.139004,-120.368423,158.514999,6,600,58,3,"e00fce6850cac69f647dc199",2026-09-25 06:50:03.865,2026-09-25 06:50:04.008,2026-09-25 06:50:04.008,2026-09-25
"409","AQjXDoLOR0","MOOSPMv3Parser",1790319000,8,8,6,11,11,6,6,12,12,6,2000,446,188087,72,47,3,47,47,22,52,47,0,23,24,52,50,12.558,242,1,35.775131,-119.23851,62.75,7,600,58,3,"e00fce68e88237db75a60608",2026-09-25 06:50:04.916,2026-09-25 06:50:05.165,2026-09-25 06:50:05.165,2026-09-25
"410","YAA8dG62rl","MOOSPMv3Parser",1790319001,12,12,0,17,17,0,0,17,17,0,2188,623,219311,101,0,5,0,0,24,27,0,0,26,27,38,37,26.137,230,3277,6.4e-05,0.002307,13161.265625,9,600,58,3,"e00fce68e28dcbc9a589be10",2026-09-25 06:50:09.874,2026-09-25 06:50:10.033,2026-09-25 06:50:10.033,2026-09-25
"411","RgSlipIVXi","MOOSPMv3Parser",1790319600,4,4,0,7,7,0,0,7,7,0,1159,274,0,45,0,3,0,0,24,20,0,2,25,26,31,32,20.21,112,139,36.187534,-119.821938,60.567001,6,600,58,3,"e00fce68e739ecbcf9e91965",2026-09-25 07:00:02.363,2026-09-25 07:00:02.54,2026-09-25 07:00:02.54,2026-09-25
"412","RMHPvS7yAO","MOOSPMv3Parser",1790319600,3,3,2,4,4,2,2,4,4,2,1402,196,84853,27,18,1,18,18,21,24,18,0,22,23,35,36,35.664,33,4,36.503006,-120.325333,72.088997,5,600,58,3,"e00fce68e77e43df92405fdb",2026-09-25 07:00:02.77,2026-09-25 07:00:03.014,2026-09-25 07:00:03.014,2026-09-25
"413","jGHw8NkwM4","MOOSPMv3Parser",1790319601,17,17,12,23,23,12,12,24,24,12,3113,873,162277,137,92,5,93,93,20,65,93,0,22,22,63,61,18.215,167,2,36.523354,-119.278786,87.042999,6,599,58,3,"e00fce68f12da1a0c5de6248",2026-09-25 07:00:03.073,2026-09-25 07:00:03.293,2026-09-25 07:00:03.293,2026-09-25
"414","MYhUrAheqJ","MOOSPMv3Parser",1790319601,3,3,4,5,5,4,4,6,6,4,711,219,229469,40,28,5,28,28,0,0,28,0,23,24,39,40,18.54,66,15,36.433571,-119.923401,23.572001,0,600,58,3,"e00fce6876826e255108c6bd",2026-09-25 07:00:03.055,2026-09-25 07:00:03.335,2026-09-25 07:00:03.335,2026-09-25
"415","njiC2SL9Iw","MOOSPMv3Parser",1790319601,13,13,7,18,18,7,7,19,19,7,2439,676,283519,111,54,5,54,54,21,43,54,0,23,24,46,45,18.779,192,1,35.94957,-119.049942,119.046997,9,600,58,3,"e00fce6808784ceaf209f949",2026-09-25 07:00:03.225,2026-09-25 07:00:03.393,2026-09-25 07:00:03.393,2026-09-25
"416","I0r4EU1Azt","MOOSPMv3Parser",1790319601,4,4,4,6,6,4,4,7,7,4,514,386,62859,60,32,5,33,33,23,37,33,0,24,25,40,38,20.797,160,1,36.198895,-120.104408,73.908997,7,600,58,3,"e00fce686dc2ef0a68fa40b0",2026-09-25 07:00:03.481,2026-09-25 07:00:03.67,2026-09-25 07:00:03.67,2026-09-25
"417","djrgcZrGEh","MOOSPMv3Parser",1790319601,5,5,9,11,11,9,9,12,12,9,591,462,148005,87,67,9,67,67,22,44,67,0,23,24,53,50,7.078,233,1,35.963116,-119.291428,125.498001,7,600,58,3,"e00fce68d6b773b56ce8baa0",2026-09-25 07:00:03.529,2026-09-25 07:00:03.71,2026-09-25 07:00:03.71,2026-09-25
"418","q2BtQP9rfQ","MOOSPMv3Parser",1790319600,8,8,6,12,12,6,6,12,12,6,2009,451,188757,74,46,3,46,46,22,53,46,0,23,24,52,51,12.017,249,1,35.77504,-119.238548,61.722,5,598,58,3,"e00fce68e88237db75a60608",2026-09-25 07:00:03.584,2026-09-25 07:00:03.779,2026-09-25 07:00:03.779,2026-09-25
"419","eiEni9OIRR","MOOSPMv3Parser",1790319600,5,5,5,7,7,5,5,8,8,5,1116,284,332380,48,36,2,36,36,21,33,36,0,25,22,37,44,24.635,260,1,36.139057,-120.368462,140.798004,6,600,58,3,"e00fce6850cac69f647dc199",2026-09-25 07:00:04.192,2026-09-25 07:00:04.359,2026-09-25 07:00:04.359,2026-09-25
"420","0JBW24XEFx","MOOSPMv3Parser",1790319601,9,9,0,13,13,0,0,13,13,0,1709,482,219311,82,0,4,0,0,24,26,0,0,26,27,35,36,28.862,147,3277,6.4e-05,0.002307,13161.265625,9,600,58,3,"e00fce68e28dcbc9a589be10",2026-09-25 07:00:09.71,2026-09-25 07:00:09.89,2026-09-25 07:00:09.89,2026-09-25
"421","07H9snoCNP","MOOSPMv3Parser",1790320200,4,4,0,7,7,0,0,8,8,0,1097,270,0,45,0,6,0,0,23,21,0,2,25,25,31,33,20.169,98,149,36.187561,-119.82193,50.792999,6,600,58,3,"e00fce68e739ecbcf9e91965",2026-09-25 07:10:02.589,2026-09-25 07:10:02.755,2026-09-25 07:10:02.755,2026-09-25
"422","w7AE3bpAzj","MOOSPMv3Parser",1790320200,3,3,2,5,5,3,3,5,5,3,1426,214,84869,30,19,2,19,19,21,26,19,0,22,22,34,38,32.226,64,4,36.503006,-120.325333,72.086998,0,600,58,3,"e00fce68e77e43df92405fdb",2026-09-25 07:10:02.614,2026-09-25 07:10:02.789,2026-09-25 07:10:02.789,2026-09-25
"423","Ayc3FGz1ub","MOOSPMv3Parser",1790320200,9,9,6,12,12,6,6,13,13,6,2051,461,188169,76,48,4,48,48,22,54,48,0,23,24,52,52,12.057,247,1,35.775024,-119.23851,66.192001,11,600,58,3,"e00fce68e88237db75a60608",2026-09-25 07:10:02.98,2026-09-25 07:10:03.177,2026-09-25 07:10:03.177,2026-09-25
"424","aMW7kCryxC","MOOSPMv3Parser",1790320201,17,17,12,24,24,13,13,25,25,13,3131,881,162359,145,94,7,95,95,21,65,95,0,22,22,62,60,16.921,181,2,36.523277,-119.278854,85.503998,7,599,58,3,"e00fce68f12da1a0c5de6248",2026-09-25 07:10:03.013,2026-09-25 07:10:03.188,2026-09-25 07:10:03.188,2026-09-25
"425","C5nnm3vSgf","MOOSPMv3Parser",1790320201,13,13,7,18,18,7,7,19,19,7,2452,671,283567,111,52,5,52,52,21,42,52,0,22,23,47,45,14.13,206,1,35.949547,-119.049919,110.943001,8,600,58,3,"e00fce6808784ceaf209f949",2026-09-25 07:10:03.054,2026-09-25 07:10:03.245,2026-09-25 07:10:03.245,2026-09-25
"426","RpCN8Tv7v3","MOOSPMv3Parser",1790320201,4,4,4,6,6,4,5,8,8,5,824,253,229882,45,32,5,32,32,0,0,32,0,23,24,41,41,19.209,67,25,36.433594,-119.923386,29.504,11,599,58,3,"e00fce6876826e255108c6bd",2026-09-25 07:10:03.125,2026-09-25 07:10:03.366,2026-09-25 07:10:03.366,2026-09-25
"427","0gw7TzBgKv","MOOSPMv3Parser",1790320201,4,4,7,8,8,8,8,9,9,8,518,399,148052,72,56,8,56,56,22,44,56,0,23,24,52,50,6.657,228,1,35.96315,-119.291817,46.654999,8,600,58,3,"e00fce68d6b773b56ce8baa0",2026-09-25 07:10:03.445,2026-09-25 07:10:03.618,2026-09-25 07:10:03.618,2026-09-25
"428","zgrSxF1vLm","MOOSPMv3Parser",1790320201,3,3,3,6,6,4,4,6,6,4,490,362,62882,60,27,4,27,27,23,38,27,0,24,25,41,40,20.674,133,1,36.198814,-120.104469,55.773998,10,600,58,3,"e00fce686dc2ef0a68fa40b0",2026-09-25 07:10:03.882,2026-09-25 07:10:04.04,2026-09-25 07:10:04.04,2026-09-25
"429","mzRnAa1C1r","MOOSPMv3Parser",1790320200,5,5,5,7,7,5,5,8,8,5,1116,284,332412,50,37,2,37,37,20,34,37,0,25,22,38,44,25.303,239,1,36.139072,-120.368507,161.598007,5,600,58,3,"e00fce6850cac69f647dc199",2026-09-25 07:10:04.423,2026-09-25 07:10:04.622,2026-09-25 07:10:04.622,2026-09-25
"430","6C1VGlskN1","MOOSPMv3Parser",1790320201,8,8,0,11,11,0,0,11,11,0,1470,415,219311,68,0,4,0,0,24,25,0,0,26,27,34,35,29.757,105,3277,6.4e-05,0.002307,13161.265625,9,600,58,3,"e00fce68e28dcbc9a589be10",2026-09-25 07:10:09.632,2026-09-25 07:10:09.81,2026-09-25 07:10:09.81,2026-09-25
"431","AIcyQggcRQ","MOOSPMv3Parser",1790320800,5,5,0,8,8,0,0,9,9,0,1228,300,0,54,0,5,0,0,23,22,0,2,24,25,32,33,19.092,115,153,36.187523,-119.822052,35.259998,5,600,58,3,"e00fce68e739ecbcf9e91965",2026-09-25 07:20:02.436,2026-09-25 07:20:02.594,2026-09-25 07:20:02.594,2026-09-25
"432","Z7myT9rMAQ","MOOSPMv3Parser",1790320800,3,3,2,5,5,3,3,5,5,3,1477,230,84885,29,19,2,19,19,20,25,19,0,22,22,34,36,31.466,71,3,36.503098,-120.325462,55.009998,5,600,58,3,"e00fce68e77e43df92405fdb",2026-09-25 07:20:02.756,2026-09-25 07:20:02.91,2026-09-25 07:20:02.91,2026-09-25
"433","XMZHe3jG9A","MOOSPMv3Parser",1790320801,3,3,3,6,6,3,3,6,6,3,488,365,62903,56,25,4,25,25,23,38,25,0,24,25,40,40,20.87,158,1,36.198925,-120.104347,83.177002,7,600,58,3,"e00fce686dc2ef0a68fa40b0",2026-09-25 07:20:02.9,2026-09-25 07:20:03.074,2026-09-25 07:20:03.074,2026-09-25
"434","LuS7i0CmqN","MOOSPMv3Parser",1790320801,13,13,7,18,18,7,7,19,19,7,2469,682,283615,106,55,5,56,56,21,43,56,0,22,23,49,47,11.184,226,1,35.949486,-119.050018,112.414001,11,600,58,3,"e00fce6808784ceaf209f949",2026-09-25 07:20:02.995,2026-09-25 07:20:03.148,2026-09-25 07:20:03.148,2026-09-25
"435","17fuSJ3raQ","MOOSPMv3Parser",1790320800,9,9,6,12,12,7,7,12,12,7,2052,466,188212,78,49,3,49,49,21,56,49,0,23,23,53,53,11.656,243,1,35.77496,-119.238403,49.351002,8,600,58,3,"e00fce68e88237db75a60608",2026-09-25 07:20:02.988,2026-09-25 07:20:03.169,2026-09-25 07:20:03.169,2026-09-25
"436","CknenRSI1H","MOOSPMv3Parser",1790320801,4,4,5,7,7,5,5,8,8,6,878,269,229914,50,37,6,37,37,0,0,37,1,23,24,42,42,19.235,67,29,36.433601,-119.923401,21.554001,7,599,58,3,"e00fce6876826e255108c6bd",2026-09-25 07:20:03.126,2026-09-25 07:20:03.302,2026-09-25 07:20:03.302,2026-09-25
"437","AN7XWZMfGS","MOOSPMv3Parser",1790320801,4,4,7,7,7,7,7,7,7,7,490,377,148096,68,53,6,53,53,22,45,53,0,23,24,52,50,8.994,215,1,35.963127,-119.291855,43.192001,11,600,58,3,"e00fce68d6b773b56ce8baa0",2026-09-25 07:20:03.692,2026-09-25 07:20:03.929,2026-09-25 07:20:03.929,2026-09-25
"438","NyX2eICr2L","MOOSPMv3Parser",1790320800,5,5,5,8,8,5,5,8,8,5,1183,298,332444,51,37,2,37,37,20,36,37,0,24,22,38,46,23.371,256,1,36.138885,-120.368355,191.988007,7,600,58,3,"e00fce6850cac69f647dc199",2026-09-25 07:20:04.976,2026-09-25 07:20:05.18,2026-09-25 07:20:05.18,2026-09-25
"439","tJpjAflRvq","MOOSPMv3Parser",1790320801,6,6,0,8,8,0,0,9,9,0,1251,356,219311,53,0,3,0,0,25,24,0,0,27,27,32,34,31.837,68,3277,6.4e-05,0.002307,13161.265625,9,600,58,3,"e00fce68e28dcbc9a589be10",2026-09-25 07:20:09.638,2026-09-25 07:20:09.854,2026-09-25 07:20:09.854,2026-09-25
"440","ynEZMczVGC","MOOSPMv3Parser",1790320801,16,16,11,23,23,12,12,24,24,12,3026,858,162167,132,90,6,90,90,21,66,90,0,21,22,64,61,17.477,177,2,36.523277,-119.278854,85.499001,0,600,58,3,"e00fce68f12da1a0c5de6248",2026-09-25 07:20:47.638,2026-09-25 07:20:47.806,2026-09-25 07:20:47.806,2026-09-25
"441","7TLO6N6wNq","MOOSPMv3Parser",1790321400,5,5,0,7,7,0,0,7,7,0,1142,272,0,45,0,3,0,0,23,22,0,2,24,25,32,34,18.421,136,142,36.187485,-119.822052,26.566999,9,600,58,3,"e00fce68e739ecbcf9e91965",2026-09-25 07:30:02.557,2026-09-25 07:30:02.795,2026-09-25 07:30:02.795,2026-09-25
"442","OydGLQFDjg","MOOSPMv3Parser",1790321400,4,4,2,5,5,3,3,5,5,3,1509,223,84902,32,20,2,20,20,20,26,20,0,22,22,36,38,32.211,67,3,36.503174,-120.325394,59.493999,8,600,58,3,"e00fce68e77e43df92405fdb",2026-09-25 07:30:02.661,2026-09-25 07:30:02.87,2026-09-25 07:30:02.87,2026-09-25
"443","agBRChMnIO","MOOSPMv3Parser",1790321400,9,9,6,12,12,7,7,13,13,7,1998,455,188256,75,50,4,50,50,21,57,50,0,23,23,53,53,10.453,241,1,35.77496,-119.238403,49.348,0,600,58,3,"e00fce68e88237db75a60608",2026-09-25 07:30:02.979,2026-09-25 07:30:03.171,2026-09-25 07:30:03.171,2026-09-25
"444","qRcl5tvgw4","MOOSPMv3Parser",1790321401,13,13,7,18,18,7,7,19,19,7,2370,652,283664,109,55,6,55,55,21,44,55,0,22,23,46,46,18.345,179,1,35.949276,-119.050003,87.254997,9,600,58,3,"e00fce6808784ceaf209f949",2026-09-25 07:30:03.062,2026-09-25 07:30:03.217,2026-09-25 07:30:03.217,2026-09-25
"445","qAUdEbwDGW","MOOSPMv3Parser",1790321401,16,16,11,23,23,12,12,24,24,12,3053,862,162515,139,88,5,88,88,21,64,88,0,22,22,62,59,17.418,180,2,36.523335,-119.278816,79.367996,8,599,58,3,"e00fce68f12da1a0c5de6248",2026-09-25 07:30:03.062,2026-09-25 07:30:03.221,2026-09-25 07:30:03.221,2026-09-25
"446","A9Un5CtGFt","MOOSPMv3Parser",1790321401,4,4,5,7,7,5,5,8,8,5,869,269,229946,46,35,5,36,36,0,0,36,1,23,24,43,43,19.403,67,29,36.433704,-119.923386,27.975,9,599,58,3,"e00fce6876826e255108c6bd",2026-09-25 07:30:03.127,2026-09-25 07:30:03.29,2026-09-25 07:30:03.29,2026-09-25
"447","K6bSQoy5AJ","MOOSPMv3Parser",1790321401,3,3,3,5,5,3,3,5,5,3,465,346,62925,52,26,3,26,26,23,36,26,0,25,25,36,37,22.682,135,1,36.198921,-120.104378,87.374001,9,600,58,3,"e00fce686dc2ef0a68fa40b0",2026-09-25 07:30:03.254,2026-09-25 07:30:03.401,2026-09-25 07:30:03.401,2026-09-25
"448","Porna6V2Bs","MOOSPMv3Parser",1790321401,4,4,7,7,7,7,7,7,7,7,486,373,148140,67,53,6,53,53,22,44,53,0,23,24,51,50,10.808,209,1,35.963135,-119.29187,38.067001,9,600,58,3,"e00fce68d6b773b56ce8baa0",2026-09-25 07:30:03.364,2026-09-25 07:30:03.493,2026-09-25 07:30:03.493,2026-09-25
"449","k8LrS8RU59","MOOSPMv3Parser",1790321400,5,5,5,7,7,5,5,8,8,5,1160,296,332476,47,36,2,37,37,20,38,37,0,24,22,40,47,22.187,255,1,36.139019,-120.368332,176.612,6,600,58,3,"e00fce6850cac69f647dc199",2026-09-25 07:30:03.945,2026-09-25 07:30:04.093,2026-09-25 07:30:04.093,2026-09-25
"450","58xygdPjLx","MOOSPMv3Parser",1790321401,6,6,0,8,8,0,0,8,8,0,1196,338,219311,54,0,2,0,0,25,22,0,0,27,27,30,32,35.624,30,3277,6.4e-05,0.002307,13161.265625,9,600,58,3,"e00fce68e28dcbc9a589be10",2026-09-25 07:30:09.627,2026-09-25 07:30:09.791,2026-09-25 07:30:09.791,2026-09-25
"451","P1VhhDBjbD","MOOSPMv3Parser",1790322000,4,4,0,7,7,0,0,8,8,0,1140,267,0,45,0,6,0,0,23,22,0,2,24,25,32,33,18.216,128,148,36.187447,-119.82196,28.482,8,600,58,3,"e00fce68e739ecbcf9e91965",2026-09-25 07:40:02.439,2026-09-25 07:40:02.685,2026-09-25 07:40:02.685,2026-09-25
"452","DMjSDSZS4U","MOOSPMv3Parser",1790322000,4,4,3,5,5,3,3,5,5,3,1513,237,84920,29,20,2,20,20,20,27,20,0,21,22,37,39,30.798,82,3,36.503216,-120.325409,56.030998,7,600,58,3,"e00fce68e77e43df92405fdb",2026-09-25 07:40:02.662,2026-09-25 07:40:02.862,2026-09-25 07:40:02.862,2026-09-25
"453","J4AC2CTjo5","MOOSPMv3Parser",1790322000,9,9,7,14,14,7,7,14,14,7,2164,511,188302,90,53,5,53,53,21,57,53,0,23,23,51,53,4.611,251,1,35.775059,-119.23848,66.490997,12,600,58,3,"e00fce68e88237db75a60608",2026-09-25 07:40:02.966,2026-09-25 07:40:03.141,2026-09-25 07:40:03.141,2026-09-25
"454","JNyGYRiaVD","MOOSPMv3Parser",1790322001,17,17,12,23,23,12,12,24,24,12,3082,865,162595,131,91,6,92,92,21,65,92,0,22,22,62,60,17.703,188,3,36.523327,-119.278839,62.359001,7,599,58,3,"e00fce68f12da1a0c5de6248",2026-09-25 07:40:03.004,2026-09-25 07:40:03.224,2026-09-25 07:40:03.224,2026-09-25
"455","n85OHKFL3g","MOOSPMv3Parser",1790322001,12,12,6,16,16,6,6,17,17,6,2245,612,284181,101,48,5,48,48,21,43,48,0,22,23,48,46,17.436,192,1,35.949673,-119.049995,124.093002,7,599,58,3,"e00fce6808784ceaf209f949",2026-09-25 07:40:03.07,2026-09-25 07:40:03.27,2026-09-25 07:40:03.27,2026-09-25
"456","cLVGxGlSam","MOOSPMv3Parser",1790322001,4,4,4,6,6,5,5,7,7,5,842,257,229978,45,34,4,34,34,0,0,34,0,23,23,44,44,19.592,67,29,36.433487,-119.923355,7.916,7,599,58,3,"e00fce6876826e255108c6bd",2026-09-25 07:40:03.139,2026-09-25 07:40:03.302,2026-09-25 07:40:03.302,2026-09-25
"457","QigiVbqq2v","MOOSPMv3Parser",1790322001,2,2,3,4,4,3,3,4,4,3,432,311,62944,47,23,3,23,23,23,35,23,0,24,25,37,36,22.639,74,1,36.19873,-120.104446,55.214001,9,600,58,3,"e00fce686dc2ef0a68fa40b0",2026-09-25 07:40:03.471,2026-09-25 07:40:03.649,2026-09-25 07:40:03.649,2026-09-25
"458","jaV65YtQMC","MOOSPMv3Parser",1790322001,4,4,6,7,7,7,7,8,8,7,487,373,148182,68,49,7,49,49,21,46,49,0,22,23,57,53,7.543,215,1,35.963154,-119.291832,45.793999,7,600,58,3,"e00fce68d6b773b56ce8baa0",2026-09-25 07:40:03.698,2026-09-25 07:40:03.862,2026-09-25 07:40:03.862,2026-09-25
"459","oDgPjdhDUW","MOOSPMv3Parser",1790322000,5,5,5,7,7,5,5,8,8,5,1168,293,332508,50,37,3,37,37,20,39,37,0,24,22,41,49,23.586,237,1,36.138962,-120.36837,169.537003,10,600,58,3,"e00fce6850cac69f647dc199",2026-09-25 07:40:04.176,2026-09-25 07:40:04.367,2026-09-25 07:40:04.367,2026-09-25
"460","QHTlsXKiGs","MOOSPMv3Parser",1790322001,6,6,0,8,8,0,0,8,8,0,1127,319,219311,48,0,3,0,0,25,21,0,0,27,27,29,31,36.895,22,3277,6.4e-05,0.002307,13161.265625,9,600,58,3,"e00fce68e28dcbc9a589be10",2026-09-25 07:40:09.773,2026-09-25 07:40:10.017,2026-09-25 07:40:10.017,2026-09-25
"461","kbved9NWsd","MOOSPMv3Parser",1790322600,4,4,0,7,7,0,0,8,8,0,1158,268,0,45,0,4,0,0,22,24,0,2,24,24,35,36,19.61,106,194,36.187477,-119.822052,20.702999,10,600,58,3,"e00fce68e739ecbcf9e91965",2026-09-25 07:50:02.518,2026-09-25 07:50:02.827,2026-09-25 07:50:02.827,2026-09-25
"462","pkdL2xpkA8","MOOSPMv3Parser",1790322600,4,4,3,5,5,3,3,6,6,3,1564,253,84938,33,21,2,21,21,20,29,21,0,21,21,39,40,27.956,126,3,36.503281,-120.325447,46.203999,8,600,58,3,"e00fce68e77e43df92405fdb",2026-09-25 07:50:02.929,2026-09-25 07:50:03.071,2026-09-25 07:50:03.071,2026-09-25
"463","zw8Vy6i2qz","MOOSPMv3Parser",1790322600,9,9,7,14,14,7,7,14,14,7,2174,499,188347,87,52,6,52,52,21,56,52,0,24,23,49,52,5.77,246,1,35.774982,-119.238571,62.497002,10,600,58,3,"e00fce68e88237db75a60608",2026-09-25 07:50:03.061,2026-09-25 07:50:03.212,2026-09-25 07:50:03.212,2026-09-25
"464","hA5f2Y518q","MOOSPMv3Parser",1790322601,12,12,6,16,16,6,6,17,17,6,2227,613,283751,95,48,5,48,48,21,43,48,0,21,23,49,46,15.366,226,1,35.949627,-119.049927,110.988998,8,600,58,3,"e00fce6808784ceaf209f949",2026-09-25 07:50:03.064,2026-09-25 07:50:03.301,2026-09-25 07:50:03.301,2026-09-25
"465","C5oNvbrifQ","MOOSPMv3Parser",1790322601,17,17,12,23,23,12,12,24,24,12,3041,853,162674,134,91,6,91,91,20,65,91,0,21,22,64,60,16.486,195,3,36.523361,-119.278793,76.141998,7,599,58,3,"e00fce68f12da1a0c5de6248",2026-09-25 07:50:03.143,2026-09-25 07:50:03.385,2026-09-25 07:50:03.385,2026-09-25
"466","vcVxbhlizo","MOOSPMv3Parser",1790322601,4,4,4,7,7,5,5,9,9,5,921,282,230010,50,34,5,34,34,0,0,34,0,22,23,45,45,19.653,67,27,36.433601,-119.923347,22.664,6,599,58,3,"e00fce6876826e255108c6bd",2026-09-25 07:50:03.288,2026-09-25 07:50:03.431,2026-09-25 07:50:03.431,2026-09-25
"467","1uVA6oWluX","MOOSPMv3Parser",1790322601,4,4,7,7,7,7,7,7,7,7,473,361,148225,65,51,6,51,51,21,47,51,0,21,23,58,54,6.772,220,1,35.963154,-119.291832,45.793999,0,600,58,3,"e00fce68d6b773b56ce8baa0",2026-09-25 07:50:03.457,2026-09-25 07:50:03.643,2026-09-25 07:50:03.643,2026-09-25
"468","DcwvlEIz2f","MOOSPMv3Parser",1790322601,2,2,3,4,4,3,3,4,4,3,411,293,62962,45,22,3,22,22,23,36,22,0,24,25,37,36,21.207,67,2,36.198952,-120.104408,76.321999,8,600,58,3,"e00fce686dc2ef0a68fa40b0",2026-09-25 07:50:03.708,2026-09-25 07:50:03.859,2026-09-25 07:50:03.859,2026-09-25
"469","KaoBFengSy","MOOSPMv3Parser",1790322600,5,5,5,7,7,5,5,8,8,5,1126,286,332540,47,38,2,38,38,20,38,38,0,24,21,39,46,21.843,236,1,36.138969,-120.368469,150.181,8,600,58,3,"e00fce6850cac69f647dc199",2026-09-25 07:50:04.501,2026-09-25 07:50:04.679,2026-09-25 07:50:04.679,2026-09-25
"470","ZYe2FCEBpJ","MOOSPMv3Parser",1790322601,5,5,0,8,8,0,0,8,8,0,1118,317,219311,48,0,2,0,0,25,20,0,0,27,27,28,30,38.446,17,3277,6.4e-05,0.002307,13161.265625,9,600,58,3,"e00fce68e28dcbc9a589be10",2026-09-25 07:50:09.716,2026-09-25 07:50:09.988,2026-09-25 07:50:09.988,2026-09-25
"471","KxbTMOi4Ko","MOOSPMv3Parser",1790323200,5,5,0,8,8,0,0,9,9,0,1279,313,0,55,0,5,0,0,22,26,0,2,24,24,36,38,20.187,95,227,36.187477,-119.822052,20.702,0,600,58,3,"e00fce68e739ecbcf9e91965",2026-09-25 08:00:02.515,2026-09-25 08:00:03.275,2026-09-25 08:00:03.275,2026-09-25
"472","8HIANXGM8M","MOOSPMv3Parser",1790323201,11,11,6,16,16,7,7,16,16,7,2154,595,283795,97,49,5,49,49,20,44,49,0,21,22,50,47,14.65,220,1,35.949612,-119.049934,109.879997,9,600,58,3,"e00fce6808784ceaf209f949",2026-09-25 08:00:03.157,2026-09-25 08:00:03.444,2026-09-25 08:00:03.444,2026-09-25
"473","CxgQCFwmr2","MOOSPMv3Parser",1790323200,8,8,6,13,13,7,7,13,13,7,2022,465,188390,82,50,5,50,50,21,54,50,0,24,23,47,50,8.923,226,1,35.775036,-119.238495,65.653999,11,600,58,3,"e00fce68e88237db75a60608",2026-09-25 08:00:03.061,2026-09-25 08:00:03.47,2026-09-25 08:00:03.47,2026-09-25
"474","lOPwefEmBF","MOOSPMv3Parser",1790323201,17,17,11,23,23,12,12,24,24,12,3051,861,162751,131,88,6,89,89,20,66,89,0,20,22,69,61,12.573,199,2,36.523281,-119.27887,80.942001,7,599,58,3,"e00fce68f12da1a0c5de6248",2026-09-25 08:00:03.155,2026-09-25 08:00:03.487,2026-09-25 08:00:03.487,2026-09-25
"475","leD8Fep629","MOOSPMv3Parser",1790323200,4,4,3,6,6,3,3,6,6,3,1696,268,84957,36,21,3,22,22,20,29,22,0,20,21,39,40,26.372,156,3,36.503181,-120.325455,55.665001,9,600,58,3,"e00fce68e77e43df92405fdb",2026-09-25 08:00:02.769,2026-09-25 08:00:03.533,2026-09-25 08:00:03.533,2026-09-25
"476","3PzJsEDHbl","MOOSPMv3Parser",1790323201,1,1,2,3,3,3,3,3,3,3,382,271,62979,40,20,2,20,20,22,35,20,0,23,25,38,36,19.202,99,2,36.198792,-120.104401,74.146004,8,600,58,3,"e00fce686dc2ef0a68fa40b0",2026-09-25 08:00:02.84,2026-09-25 08:00:03.6,2026-09-25 08:00:03.6,2026-09-25
"477","FW6921uBvr","MOOSPMv3Parser",1790323201,4,4,4,7,7,5,5,8,8,5,922,283,230042,49,35,5,35,35,0,0,35,0,22,23,45,46,19.26,68,25,36.433754,-119.923325,22.712999,8,599,58,3,"e00fce6876826e255108c6bd",2026-09-25 08:00:03.359,2026-09-25 08:00:03.777,2026-09-25 08:00:03.777,2026-09-25
"478","6uGuf12tYe","MOOSPMv3Parser",1790323201,4,4,7,7,7,7,7,8,8,7,484,373,148268,68,52,7,52,52,21,47,52,0,21,23,58,54,6.493,220,1,35.963165,-119.291817,46.987,8,600,58,3,"e00fce68d6b773b56ce8baa0",2026-09-25 08:00:03.689,2026-09-25 08:00:03.929,2026-09-25 08:00:03.929,2026-09-25
"479","afk2OiEdwH","MOOSPMv3Parser",1790323200,5,5,5,7,7,5,5,8,8,5,1145,290,332572,50,37,2,37,37,20,40,37,0,23,21,42,48,24.754,205,1,36.138905,-120.368385,170.367004,7,600,58,3,"e00fce6850cac69f647dc199",2026-09-25 08:00:04.745,2026-09-25 08:00:04.974,2026-09-25 08:00:04.974,2026-09-25
"480","QpUdhROdGv","MOOSPMv3Parser",1790323201,6,6,0,8,8,0,0,8,8,0,1176,335,219311,53,0,2,0,0,25,20,0,0,27,27,29,30,38.789,13,3277,6.4e-05,0.002307,13161.265625,9,600,58,3,"e00fce68e28dcbc9a589be10",2026-09-25 08:00:09.788,2026-09-25 08:00:09.971,2026-09-25 08:00:09.971,2026-09-25
"481","Gm6ADkZIiV","MOOSPMv3Parser",1790323800,5,5,0,9,9,0,0,9,9,0,1248,303,0,57,0,7,0,0,22,28,0,2,24,24,37,39,19.599,99,225,36.187469,-119.821999,17.923,11,600,58,3,"e00fce68e739ecbcf9e91965",2026-09-25 08:10:02.524,2026-09-25 08:10:02.707,2026-09-25 08:10:02.707,2026-09-25
"482","zNPSrEI3me","MOOSPMv3Parser",1790323801,12,12,7,17,17,7,7,17,17,7,2303,635,283841,105,51,5,51,51,20,47,51,0,21,22,53,49,12.921,234,1,35.949612,-119.049934,109.883003,0,600,58,3,"e00fce6808784ceaf209f949",2026-09-25 08:10:02.989,2026-09-25 08:10:03.178,2026-09-25 08:10:03.178,2026-09-25
"483","HIZcPomhxL","MOOSPMv3Parser",1790323801,1,1,2,3,3,3,3,3,3,3,366,254,62995,38,19,3,19,19,22,35,19,0,23,25,38,35,18.472,107,1,36.198792,-120.104408,74.144997,0,600,58,3,"e00fce686dc2ef0a68fa40b0",2026-09-25 08:10:03.091,2026-09-25 08:10:03.286,2026-09-25 08:10:03.286,2026-09-25
"484","loIdAgguIt","MOOSPMv3Parser",1790323800,8,8,6,12,12,6,6,12,12,6,1904,435,188431,73,48,5,48,48,21,52,48,0,24,23,46,50,12.182,196,1,35.775028,-119.238525,66.553001,10,600,58,3,"e00fce68e88237db75a60608",2026-09-25 08:10:03.072,2026-09-25 08:10:03.293,2026-09-25 08:10:03.293,2026-09-25
"485","roeSvh35pt","MOOSPMv3Parser",1790323800,5,5,3,7,7,3,3,7,7,3,1761,296,84979,40,25,2,25,25,19,28,25,0,21,21,36,39,28.442,137,2,36.503155,-120.325348,42.061001,7,600,58,3,"e00fce68e77e43df92405fdb",2026-09-25 08:10:03.189,2026-09-25 08:10:03.377,2026-09-25 08:10:03.377,2026-09-25
"486","oMYbptjiSj","MOOSPMv3Parser",1790323801,17,17,11,23,23,12,12,25,25,12,3135,883,162829,131,90,7,90,90,20,69,90,0,19,22,76,64,10.674,190,2,36.523281,-119.278809,65.099998,7,599,58,3,"e00fce68f12da1a0c5de6248",2026-09-25 08:10:03.225,2026-09-25 08:10:03.397,2026-09-25 08:10:03.397,2026-09-25
"487","ciPwjsOJcm","MOOSPMv3Parser",1790323801,5,5,5,7,7,5,5,8,8,5,954,293,230074,50,37,5,37,37,0,0,37,0,22,23,46,47,19.268,68,23,36.433643,-119.923363,27.159,7,599,58,3,"e00fce6876826e255108c6bd",2026-09-25 08:10:03.374,2026-09-25 08:10:03.555,2026-09-25 08:10:03.555,2026-09-25
"488","QEK1OrXwt6","MOOSPMv3Parser",1790323801,4,4,7,8,8,8,8,8,8,8,490,379,148315,73,56,8,56,57,21,48,57,0,21,23,58,55,4.293,226,1,35.96315,-119.291733,36.098,9,600,58,3,"e00fce68d6b773b56ce8baa0",2026-09-25 08:10:03.542,2026-09-25 08:10:03.698,2026-09-25 08:10:03.698,2026-09-25
"489","2BBxBaqkNI","MOOSPMv3Parser",1790323800,5,5,5,7,7,5,5,8,8,5,1149,288,332604,48,38,3,38,38,19,39,38,0,23,21,40,48,22.623,229,1,36.138855,-120.368408,191.927002,7,600,58,3,"e00fce6850cac69f647dc199",2026-09-25 08:10:05.062,2026-09-25 08:10:05.361,2026-09-25 08:10:05.361,2026-09-25
"490","SKXDz7gBQF","MOOSPMv3Parser",1790323801,6,6,0,9,9,0,0,9,9,0,1273,362,219311,58,0,2,0,0,24,25,0,0,25,27,38,36,33.562,56,3277,6.4e-05,0.002307,13161.265625,9,600,58,3,"e00fce68e28dcbc9a589be10",2026-09-25 08:10:09.786,2026-09-25 08:10:09.945,2026-09-25 08:10:09.945,2026-09-25
"491","figFlQHWQo","MOOSPMv3Parser",1790324400,5,5,0,8,8,0,0,9,9,0,1264,299,0,52,0,5,0,0,22,29,0,2,23,24,39,40,17.753,124,191,36.187443,-119.822121,8.641,11,600,58,3,"e00fce68e739ecbcf9e91965",2026-09-25 08:20:02.516,2026-09-25 08:20:02.768,2026-09-25 08:20:02.768,2026-09-25
"492","PGUZS76G2p","MOOSPMv3Parser",1790324400,5,5,3,7,7,4,4,8,8,4,1920,322,85002,43,27,2,27,27,19,30,27,0,21,21,39,42,30.362,102,3,36.503059,-120.325394,47.425999,11,600,58,3,"e00fce68e77e43df92405fdb",2026-09-25 08:20:02.819,2026-09-25 08:20:03.005,2026-09-25 08:20:03.005,2026-09-25
"493","NkGky5V5s7","MOOSPMv3Parser",1790324400,7,7,6,10,10,6,6,11,11,6,1836,409,188472,68,46,4,47,47,21,52,47,0,23,23,47,50,11.918,196,1,35.774986,-119.238518,58,10,600,58,3,"e00fce68e88237db75a60608",2026-09-25 08:20:03.065,2026-09-25 08:20:03.223,2026-09-25 08:20:03.223,2026-09-25
"494","NagdLDDUzh","MOOSPMv3Parser",1790324401,18,18,13,26,26,13,13,27,27,13,3345,942,162917,149,100,7,100,100,20,69,100,0,18,21,76,64,9.52,172,1,36.523384,-119.278885,72.365997,7,599,58,3,"e00fce68f12da1a0c5de6248",2026-09-25 08:20:03.151,2026-09-25 08:20:03.294,2026-09-25 08:20:03.294,2026-09-25
"495","sEbTaDEbiX","MOOSPMv3Parser",1790324401,12,12,7,17,17,7,7,18,18,7,2365,655,283888,109,52,6,52,52,20,48,52,0,21,22,53,50,12.182,237,1,35.949581,-119.049934,111.223,7,600,58,3,"e00fce6808784ceaf209f949",2026-09-25 08:20:03.134,2026-09-25 08:20:03.325,2026-09-25 08:20:03.325,2026-09-25
"496","FvQ1z9K0dG","MOOSPMv3Parser",1790324401,5,5,5,7,7,5,5,8,8,5,971,298,230107,51,37,5,37,37,0,0,37,0,22,23,47,47,19.381,68,22,36.43359,-119.923286,17.112,6,599,58,3,"e00fce6876826e255108c6bd",2026-09-25 08:20:03.234,2026-09-25 08:20:03.41,2026-09-25 08:20:03.41,2026-09-25
"497","6U1tfNSiYj","MOOSPMv3Parser",1790324401,0,0,2,2,2,2,2,2,2,2,325,223,63009,33,17,2,17,17,22,35,17,0,22,24,38,35,18.387,95,1,36.198772,-120.104454,62.446999,7,600,58,3,"e00fce686dc2ef0a68fa40b0",2026-09-25 08:20:03.555,2026-09-25 08:20:03.714,2026-09-25 08:20:03.714,2026-09-25
"498","52bmq7DBXT","MOOSPMv3Parser",1790324401,4,4,7,7,7,8,8,8,8,8,503,386,148364,71,58,6,58,58,21,48,58,0,21,22,59,55,1.586,232,1,35.963139,-119.29174,40.513,12,600,58,3,"e00fce68d6b773b56ce8baa0",2026-09-25 08:20:04.004,2026-09-25 08:20:04.167,2026-09-25 08:20:04.167,2026-09-25
"499","8s0uGQ0gbc","MOOSPMv3Parser",1790324400,5,5,5,7,7,5,5,8,8,5,1150,284,332636,47,37,3,37,37,19,40,37,0,23,21,41,48,22.34,232,1,36.138855,-120.368408,191.925003,0,600,58,3,"e00fce6850cac69f647dc199",2026-09-25 08:20:04.357,2026-09-25 08:20:04.565,2026-09-25 08:20:04.565,2026-09-25
"500","5Xca8KK787","MOOSPMv3Parser",1790324401,9,9,0,12,12,0,0,13,13,0,1642,468,219311,76,0,4,0,0,24,27,0,0,23,26,43,38,22.066,222,3277,6.4e-05,0.002307,13161.265625,9,600,58,3,"e00fce68e28dcbc9a589be10",2026-09-25 08:20:09.719,2026-09-25 08:20:09.88,2026-09-25 08:20:09.88,2026-09-25
"501","3BNoO5VUaY","MOOSPMv3Parser",1790325000,5,5,0,8,8,0,0,8,8,0,1322,297,0,47,0,4,0,0,22,30,0,2,23,24,40,40,15.916,147,135,36.187538,-119.822067,23.228001,9,600,58,3,"e00fce68e739ecbcf9e91965",2026-09-25 08:30:02.59,2026-09-25 08:30:02.755,2026-09-25 08:30:02.755,2026-09-25
"502","tj4Vlqx4cC","MOOSPMv3Parser",1790325000,6,6,4,8,8,4,4,8,8,4,2007,337,85028,47,31,3,31,31,19,34,31,0,21,21,42,45,30.535,93,4,36.503075,-120.325386,45.632,10,600,58,3,"e00fce68e77e43df92405fdb",2026-09-25 08:30:02.832,2026-09-25 08:30:02.995,2026-09-25 08:30:02.995,2026-09-25
"503","ptevCVmZDN","MOOSPMv3Parser",1790325000,7,7,6,11,11,6,6,11,11,6,1842,412,188512,75,46,4,46,46,21,53,46,0,23,23,49,50,11.95,198,1,35.775013,-119.238495,64.426003,8,600,58,3,"e00fce68e88237db75a60608",2026-09-25 08:30:03.067,2026-09-25 08:30:03.233,2026-09-25 08:30:03.233,2026-09-25
"504","mUhM1Yibh9","MOOSPMv3Parser",1790325001,14,14,8,20,20,8,8,21,21,8,2765,763,283941,125,62,7,62,62,20,49,62,0,21,21,52,51,10.683,246,1,35.949688,-119.049896,128.949997,10,600,58,3,"e00fce6808784ceaf209f949",2026-09-25 08:30:03.075,2026-09-25 08:30:03.277,2026-09-25 08:30:03.277,2026-09-25
"505","KE3TpidXAs","MOOSPMv3Parser",1790325001,5,5,5,8,8,6,6,9,9,6,1011,312,230140,56,40,5,40,40,0,0,40,0,22,23,47,48,19.132,68,19,36.433624,-119.923309,25.403999,11,599,58,3,"e00fce6876826e255108c6bd",2026-09-25 08:30:03.134,2026-09-25 08:30:03.315,2026-09-25 08:30:03.315,2026-09-25
"506","ewiIljaGHi","MOOSPMv3Parser",1790325001,19,19,13,27,27,14,14,28,28,14,3517,985,162737,157,104,8,104,104,20,70,104,0,18,21,76,65,8.696,169,1,36.523186,-119.278702,84.772003,5,600,58,3,"e00fce68f12da1a0c5de6248",2026-09-25 08:30:03.285,2026-09-25 08:30:03.421,2026-09-25 08:30:03.421,2026-09-25
"507","zDyvkJJSN6","MOOSPMv3Parser",1790325001,3,3,7,7,7,8,8,8,8,8,483,372,148412,70,57,7,58,58,21,48,58,0,21,22,60,56,1.209,235,1,35.963108,-119.291801,37.194,8,600,58,3,"e00fce68d6b773b56ce8baa0",2026-09-25 08:30:03.289,2026-09-25 08:30:03.466,2026-09-25 08:30:03.466,2026-09-25
"508","SbrdDN9W9I","MOOSPMv3Parser",1790325001,0,0,2,1,1,2,2,1,1,2,292,194,63022,29,15,2,15,15,22,34,15,0,22,24,36,34,19.622,75,1,36.198803,-120.104454,53.766998,8,600,58,3,"e00fce686dc2ef0a68fa40b0",2026-09-25 08:30:03.775,2026-09-25 08:30:03.966,2026-09-25 08:30:03.966,2026-09-25
"509","IxhUw5aYA8","MOOSPMv3Parser",1790325000,5,5,5,7,7,5,5,8,8,5,1140,289,332668,49,36,4,36,36,19,38,36,0,23,21,39,47,21.688,231,1,36.138958,-120.368492,172.167007,7,600,58,3,"e00fce6850cac69f647dc199",2026-09-25 08:30:04.573,2026-09-25 08:30:04.702,2026-09-25 08:30:04.702,2026-09-25
"510","LnG7Ye22Tw","MOOSPMv3Parser",1790325001,9,9,0,12,12,0,0,13,13,0,1631,465,219311,78,0,3,0,0,23,29,0,0,23,26,43,39,19.315,254,3277,6.4e-05,0.002307,13161.265625,9,600,58,3,"e00fce68e28dcbc9a589be10",2026-09-25 08:30:09.771,2026-09-25 08:30:09.946,2026-09-25 08:30:09.946,2026-09-25
"511","ThNCiUvFVW","MOOSPMv3Parser",1790325600,5,5,0,9,9,0,0,10,10,0,1373,314,0,62,0,7,0,0,22,32,0,2,23,23,41,42,14.872,156,101,36.187515,-119.822052,7.411,8,600,58,3,"e00fce68e739ecbcf9e91965",2026-09-25 08:40:02.672,2026-09-25 08:40:02.836,2026-09-25 08:40:02.836,2026-09-25
"512","zT32D8KG5k","MOOSPMv3Parser",1790325601,0,0,2,1,1,2,2,1,1,2,285,187,63034,28,14,2,14,14,22,34,14,0,22,24,36,34,20.626,47,1,36.198875,-120.104477,81.331001,8,600,58,3,"e00fce686dc2ef0a68fa40b0",2026-09-25 08:40:02.844,2026-09-25 08:40:03.061,2026-09-25 08:40:03.061,2026-09-25
"513","hPqFMC4sih","MOOSPMv3Parser",1790325601,13,13,7,19,19,7,7,19,19,7,2522,696,283989,114,55,6,56,56,20,49,56,0,21,21,53,51,9.702,248,1,35.949619,-119.04985,140.266998,6,600,58,3,"e00fce6808784ceaf209f949",2026-09-25 08:40:03.076,2026-09-25 08:40:03.253,2026-09-25 08:40:03.253,2026-09-25
"514","JitvLsU8Uc","MOOSPMv3Parser",1790325600,6,6,4,9,9,4,4,9,9,4,2064,358,85057,51,32,4,33,33,19,37,33,0,21,21,44,48,30.526,91,4,36.503166,-120.325356,55.588001,11,600,58,3,"e00fce68e77e43df92405fdb",2026-09-25 08:40:02.855,2026-09-25 08:40:03.347,2026-09-25 08:40:03.347,2026-09-25
"515","ErYoFEQ3Iq","MOOSPMv3Parser",1790325601,5,5,5,8,8,5,6,9,9,6,996,305,230172,55,40,5,40,40,0,0,40,0,22,23,46,47,18.981,69,15,36.433605,-119.923347,16.841999,10,599,58,3,"e00fce6876826e255108c6bd",2026-09-25 08:40:03.297,2026-09-25 08:40:03.473,2026-09-25 08:40:03.473,2026-09-25
"516","SnFDCNEjZm","MOOSPMv3Parser",1790325601,20,20,14,29,28,14,14,30,30,14,3745,1056,163103,170,108,7,108,108,19,71,108,0,19,21,74,65,10.582,156,1,36.523354,-119.27874,124.463997,5,599,58,3,"e00fce68f12da1a0c5de6248",2026-09-25 08:40:03.3,2026-09-25 08:40:03.483,2026-09-25 08:40:03.483,2026-09-25
"517","PQ1grTg08x","MOOSPMv3Parser",1790325600,8,8,6,11,11,6,6,11,11,6,1875,415,188552,72,47,3,47,47,21,53,47,0,23,23,49,50,11.684,196,1,35.775127,-119.238579,56.814999,11,600,58,3,"e00fce68e88237db75a60608",2026-09-25 08:40:03.225,2026-09-25 08:40:03.513,2026-09-25 08:40:03.513,2026-09-25
"518","MUesSmFZCS","MOOSPMv3Parser",1790325601,4,4,8,8,8,8,8,9,9,8,513,399,148465,79,62,8,62,62,21,48,62,0,21,22,58,55,2.231,230,1,35.963177,-119.291801,36.139999,9,600,58,3,"e00fce68d6b773b56ce8baa0",2026-09-25 08:40:03.685,2026-09-25 08:40:03.938,2026-09-25 08:40:03.938,2026-09-25
"519","6G1DiYFpEp","MOOSPMv3Parser",1790325600,5,5,5,7,7,5,5,7,7,5,1086,277,332700,46,36,2,36,36,19,37,36,0,23,20,38,45,24.984,206,1,36.138969,-120.368515,155.257004,5,600,58,3,"e00fce6850cac69f647dc199",2026-09-25 08:40:04.736,2026-09-25 08:40:04.889,2026-09-25 08:40:04.889,2026-09-25
"520","DYDxy0mWeM","MOOSPMv3Parser",1790325601,10,10,0,14,14,0,0,15,15,0,1813,518,219311,89,0,6,0,0,23,29,0,0,22,25,43,40,17.684,266,3277,6.4e-05,0.002307,13161.265625,9,600,58,3,"e00fce68e28dcbc9a589be10",2026-09-25 08:40:09.742,2026-09-25 08:40:09.936,2026-09-25 08:40:09.936,2026-09-25
"521","zKKIBoENQM","MOOSPMv3Parser",1790326200,6,6,0,10,10,0,0,11,11,0,1466,341,0,63,0,6,0,0,21,33,0,2,23,23,42,43,15.235,153,99,36.187389,-119.822052,-14.875,9,600,58,3,"e00fce68e739ecbcf9e91965",2026-09-25 08:50:02.455,2026-09-25 08:50:02.809,2026-09-25 08:50:02.809,2026-09-25
"522","QsOBZFkFWJ","MOOSPMv3Parser",1790326201,13,13,7,18,18,7,7,19,19,7,2496,684,284037,115,55,6,55,55,19,51,55,0,20,21,54,52,10.064,242,1,35.949638,-119.049973,111.514999,7,600,58,3,"e00fce6808784ceaf209f949",2026-09-25 08:50:03.144,2026-09-25 08:50:03.284,2026-09-25 08:50:03.284,2026-09-25
"523","oMzry5gec1","MOOSPMv3Parser",1790326200,6,6,4,8,8,4,4,9,9,4,1929,335,85085,51,33,3,33,33,20,39,33,0,21,21,45,49,31.095,87,4,36.503185,-120.32534,50.713001,11,600,58,3,"e00fce68e77e43df92405fdb",2026-09-25 08:50:02.931,2026-09-25 08:50:03.295,2026-09-25 08:50:03.295,2026-09-25
"524","cdcCbXAKSQ","MOOSPMv3Parser",1790326201,20,20,14,29,28,14,14,30,30,14,3680,1035,163197,166,107,7,108,108,19,70,108,0,19,21,73,65,9.908,164,1,36.523327,-119.278946,69.742996,7,599,58,3,"e00fce68f12da1a0c5de6248",2026-09-25 08:50:03.147,2026-09-25 08:50:03.303,2026-09-25 08:50:03.303,2026-09-25
"525","ixnpO6xVEt","MOOSPMv3Parser",1790326200,8,8,6,11,11,7,7,12,12,7,1976,416,188595,75,50,4,50,50,21,54,50,0,23,23,50,51,10.88,197,1,35.775093,-119.238533,38.769001,7,600,58,3,"e00fce68e88237db75a60608",2026-09-25 08:50:03.132,2026-09-25 08:50:03.328,2026-09-25 08:50:03.328,2026-09-25
"526","MRfuGPpbyw","MOOSPMv3Parser",1790326201,0,0,2,0,0,2,2,1,1,2,270,172,63045,26,13,2,13,13,21,34,13,0,22,23,37,34,21.635,42,2,36.198879,-120.104454,95.544998,8,600,58,3,"e00fce686dc2ef0a68fa40b0",2026-09-25 08:50:03.158,2026-09-25 08:50:03.359,2026-09-25 08:50:03.359,2026-09-25
"527","8LLjWLlucr","MOOSPMv3Parser",1790326201,5,5,5,8,8,5,5,9,9,6,1001,308,229822,54,38,6,39,39,0,0,39,1,22,23,44,47,18.915,69,16,36.433605,-119.923347,16.836,0,600,58,3,"e00fce6876826e255108c6bd",2026-09-25 08:50:03.214,2026-09-25 08:50:03.426,2026-09-25 08:50:03.426,2026-09-25
"528","BFGBFjjQAL","MOOSPMv3Parser",1790326201,5,5,9,11,11,10,10,13,13,10,574,456,148525,90,72,9,72,72,21,48,72,0,21,22,57,55,2.804,224,1,35.963322,-119.291817,50.237999,8,600,58,3,"e00fce68d6b773b56ce8baa0",2026-09-25 08:50:03.37,2026-09-25 08:50:03.573,2026-09-25 08:50:03.573,2026-09-25
"529","qZJ2sBGd5c","MOOSPMv3Parser",1790326200,5,5,5,7,7,5,5,7,7,5,1078,272,332732,46,36,3,37,37,19,39,37,0,23,20,40,47,28.586,146,1,36.139015,-120.368317,172.658997,6,600,58,3,"e00fce6850cac69f647dc199",2026-09-25 08:50:05.071,2026-09-25 08:50:05.328,2026-09-25 08:50:05.328,2026-09-25
"530","iDFYZpGjoQ","MOOSPMv3Parser",1790326201,9,9,0,14,14,0,0,14,14,0,1761,500,219311,89,0,5,0,0,22,30,0,0,22,25,44,41,13.494,310,3277,6.4e-05,0.002307,13161.265625,9,600,58,3,"e00fce68e28dcbc9a589be10",2026-09-25 08:50:09.889,2026-09-25 08:50:10.077,2026-09-25 08:50:10.077,2026-09-25
"531","8aCYyEu0L2","MOOSPMv3Parser",1790326800,6,6,0,9,9,0,0,10,10,0,1526,346,0,65,0,6,0,0,21,34,0,2,23,23,42,43,15.995,146,108,36.187515,-119.822029,25.282,11,600,58,3,"e00fce68e739ecbcf9e91965",2026-09-25 09:00:02.52,2026-09-25 09:00:03.198,2026-09-25 09:00:03.198,2026-09-25
"532","knvLmcx65X","MOOSPMv3Parser",1790326801,13,13,7,18,18,7,7,18,18,7,2393,660,284084,109,52,5,52,52,19,52,52,0,20,21,56,53,10.217,238,1,35.949558,-119.050018,107.248001,9,600,58,3,"e00fce6808784ceaf209f949",2026-09-25 09:00:03.083,2026-09-25 09:00:03.358,2026-09-25 09:00:03.358,2026-09-25
"533","zCsaCLFSZE","MOOSPMv3Parser",1790326801,20,20,14,28,28,14,14,30,30,14,3649,1031,163290,166,107,7,107,107,19,72,107,0,18,20,77,66,7.789,165,1,36.523388,-119.278854,55.995998,7,599,58,3,"e00fce68f12da1a0c5de6248",2026-09-25 09:00:03.085,2026-09-25 09:00:03.393,2026-09-25 09:00:03.393,2026-09-25
"534","2cuoeFY3re","MOOSPMv3Parser",1790326800,8,8,7,12,12,7,7,13,13,7,2285,454,188641,78,52,6,52,52,21,55,52,0,23,23,50,52,11.135,196,1,35.775085,-119.238556,77.530998,7,600,58,3,"e00fce68e88237db75a60608",2026-09-25 09:00:03.06,2026-09-25 09:00:03.418,2026-09-25 09:00:03.418,2026-09-25
"535","gEmrkclwGR","MOOSPMv3Parser",1790326800,5,5,4,7,7,4,4,8,8,4,1817,307,85113,45,32,4,32,32,20,38,32,0,22,21,43,48,32.615,69,4,36.503185,-120.32534,50.714001,0,600,58,3,"e00fce68e77e43df92405fdb",2026-09-25 09:00:02.774,2026-09-25 09:00:03.522,2026-09-25 09:00:03.522,2026-09-25
"536","3MTwk3ppNL","MOOSPMv3Parser",1790326801,0,0,2,0,0,2,2,1,1,2,267,175,63055,27,13,2,13,13,21,35,13,0,21,23,39,36,21.103,51,2,36.198757,-120.104393,76.241997,11,600,58,3,"e00fce686dc2ef0a68fa40b0",2026-09-25 09:00:03.478,2026-09-25 09:00:03.637,2026-09-25 09:00:03.637,2026-09-25
"537","NCUDHSfM4D","MOOSPMv3Parser",1790326801,5,5,5,8,8,5,5,9,9,5,967,297,230237,56,36,7,36,36,0,0,36,0,23,23,44,46,18.84,69,17,36.433556,-119.923309,14.306,8,599,58,3,"e00fce6876826e255108c6bd",2026-09-25 09:00:03.286,2026-09-25 09:00:03.683,2026-09-25 09:00:03.683,2026-09-25
"538","pAOIgguNVx","MOOSPMv3Parser",1790326801,5,5,9,11,11,10,10,12,12,10,577,454,148585,90,71,8,72,72,21,48,72,0,21,22,57,55,1.996,223,1,35.963223,-119.291855,72.524002,8,600,58,3,"e00fce68d6b773b56ce8baa0",2026-09-25 09:00:03.461,2026-09-25 09:00:03.751,2026-09-25 09:00:03.751,2026-09-25
"539","LWz712G6r2","MOOSPMv3Parser",1790326800,5,5,5,7,7,5,5,8,8,5,1055,264,332764,48,35,3,35,35,18,39,35,0,22,20,40,47,27.7,140,1,36.138973,-120.368378,169.533005,11,600,58,3,"e00fce6850cac69f647dc199",2026-09-25 09:00:04.125,2026-09-25 09:00:04.314,2026-09-25 09:00:04.314,2026-09-25
"540","AMW6VPopyJ","MOOSPMv3Parser",1790326801,9,9,0,13,13,0,0,14,14,0,1734,493,219311,85,0,4,0,0,22,30,0,0,22,24,42,40,10.869,322,3277,6.4e-05,0.002307,13161.265625,9,600,58,3,"e00fce68e28dcbc9a589be10",2026-09-25 09:00:10.102,2026-09-25 09:00:10.273,2026-09-25 09:00:10.273,2026-09-25
"541","LOmGlCIoo9","MOOSPMv3Parser",1790327400,7,7,0,12,12,0,0,13,13,0,1782,419,0,74,0,8,0,0,21,34,0,2,23,23,41,43,16.791,140,126,36.187504,-119.822113,14.71,9,600,58,3,"e00fce68e739ecbcf9e91965",2026-09-25 09:10:02.529,2026-09-25 09:10:02.816,2026-09-25 09:10:02.816,2026-09-25
"542","XlsveHqSAq","MOOSPMv3Parser",1790327400,5,5,4,7,7,4,4,7,7,4,1793,299,85138,41,29,3,29,29,20,37,29,0,22,21,42,46,33.325,56,5,36.503147,-120.325356,48.897999,16,600,58,3,"e00fce68e77e43df92405fdb",2026-09-25 09:10:02.701,2026-09-25 09:10:02.9,2026-09-25 09:10:02.9,2026-09-25
"543","C3GXFcUA4B","MOOSPMv3Parser",1790327401,20,20,14,28,28,14,14,29,29,14,3640,1025,163111,161,106,6,106,106,19,70,106,0,18,20,72,64,9.116,163,1,36.523388,-119.278854,55.992001,0,600,58,3,"e00fce68f12da1a0c5de6248",2026-09-25 09:10:03.142,2026-09-25 09:10:03.333,2026-09-25 09:10:03.333,2026-09-25
"544","NDJabT2IQK","MOOSPMv3Parser",1790327400,8,8,6,13,13,7,7,13,13,7,2270,464,188684,79,50,7,50,50,21,56,50,0,22,22,51,52,10.347,199,1,35.775055,-119.238548,65.251999,9,600,58,3,"e00fce68e88237db75a60608",2026-09-25 09:10:03.09,2026-09-25 09:10:03.414,2026-09-25 09:10:03.414,2026-09-25
"545","vDF7EVy3sM","MOOSPMv3Parser",1790327401,5,5,5,8,8,5,6,9,9,6,969,298,230269,54,38,5,39,39,0,0,39,0,23,23,44,46,18.574,69,17,36.433567,-119.923317,15.344,9,599,58,3,"e00fce6876826e255108c6bd",2026-09-25 09:10:03.228,2026-09-25 09:10:03.423,2026-09-25 09:10:03.423,2026-09-25
"546","1mjJS34bNn","MOOSPMv3Parser",1790327401,13,13,7,19,19,7,7,19,19,7,2507,688,284132,113,54,5,54,54,19,54,54,0,20,21,56,53,9.994,236,1,35.949692,-119.049828,117.462997,8,600,58,3,"e00fce6808784ceaf209f949",2026-09-25 09:10:03.285,2026-09-25 09:10:03.494,2026-09-25 09:10:03.494,2026-09-25
"547","B55VsmF3Di","MOOSPMv3Parser",1790327401,6,6,10,12,12,10,10,14,14,10,604,478,148650,96,77,9,78,78,21,46,78,0,21,22,57,52,3.35,220,1,35.96312,-119.291847,52.382,6,600,58,3,"e00fce68d6b773b56ce8baa0",2026-09-25 09:10:03.375,2026-09-25 09:10:03.632,2026-09-25 09:10:03.632,2026-09-25
"548","Dc1djw4E0g","MOOSPMv3Parser",1790327401,0,0,2,1,1,2,2,1,1,2,272,174,63067,25,13,2,13,13,21,35,13,0,21,23,39,36,21.368,59,2,36.198822,-120.104462,68.154999,12,600,58,3,"e00fce686dc2ef0a68fa40b0",2026-09-25 09:10:03.731,2026-09-25 09:10:03.958,2026-09-25 09:10:03.958,2026-09-25
"549","ZfAvOLGBcH","MOOSPMv3Parser",1790327400,4,4,4,7,7,5,5,7,7,5,1053,264,332796,47,34,3,34,34,18,40,34,0,22,20,41,48,26.315,164,1,36.139008,-120.36837,173.845001,8,600,58,3,"e00fce6850cac69f647dc199",2026-09-25 09:10:04.431,2026-09-25 09:10:04.585,2026-09-25 09:10:04.585,2026-09-25
"550","MCfybX1iMk","MOOSPMv3Parser",1790327401,8,8,0,11,11,0,0,11,11,0,1461,416,219311,71,0,3,0,0,22,28,0,0,23,24,38,38,21.606,230,3277,6.4e-05,0.002307,13161.265625,9,600,58,3,"e00fce68e28dcbc9a589be10",2026-09-25 09:10:09.781,2026-09-25 09:10:09.997,2026-09-25 09:10:09.997,2026-09-25
"551","h5V1RMELSg","MOOSPMv3Parser",1790328000,7,7,0,11,11,0,0,12,12,0,1722,403,0,72,0,6,0,0,21,33,0,2,23,23,41,43,17.351,139,117,36.187515,-119.821999,27.332001,9,600,58,3,"e00fce68e739ecbcf9e91965",2026-09-25 09:20:02.446,2026-09-25 09:20:02.767,2026-09-25 09:20:02.767,2026-09-25
"552","2k0qlBXWRy","MOOSPMv3Parser",1790328000,4,4,3,6,6,4,4,7,7,4,1693,279,85162,41,27,2,27,27,20,37,27,0,22,21,42,46,32.965,48,5,36.503109,-120.325333,40.988998,14,600,58,3,"e00fce68e77e43df92405fdb",2026-09-25 09:20:02.709,2026-09-25 09:20:02.933,2026-09-25 09:20:02.933,2026-09-25
"553","9RX8NHtc12","MOOSPMv3Parser",1790328001,0,0,2,1,1,2,2,1,1,2,271,174,63078,27,13,2,13,13,21,35,13,0,21,23,38,36,21.029,48,2,36.198776,-120.104401,87.948997,10,600,58,3,"e00fce686dc2ef0a68fa40b0",2026-09-25 09:20:02.833,2026-09-25 09:20:03.083,2026-09-25 09:20:03.083,2026-09-25
"554","2G9Sg1hfHo","MOOSPMv3Parser",1790328000,8,8,6,11,11,7,7,12,12,7,2080,425,188726,68,49,4,49,49,21,57,49,0,22,22,52,53,8.617,207,1,35.775055,-119.238548,65.248001,0,600,58,3,"e00fce68e88237db75a60608",2026-09-25 09:20:02.997,2026-09-25 09:20:03.176,2026-09-25 09:20:03.176,2026-09-25
"555","OC5Ai8Pnvw","MOOSPMv3Parser",1790328001,14,14,8,20,20,8,8,21,21,8,2662,738,284185,120,61,6,62,62,19,58,62,0,20,21,58,56,8.472,239,1,35.949562,-119.049988,109.018997,8,600,58,3,"e00fce6808784ceaf209f949",2026-09-25 09:20:03.145,2026-09-25 09:20:03.315,2026-09-25 09:20:03.315,2026-09-25
"556","BWP1IGQVtK","MOOSPMv3Parser",1790328001,20,19,13,27,27,14,14,29,29,14,3544,1003,163474,159,104,7,104,104,19,72,104,0,18,20,78,67,7.39,179,1,36.523384,-119.278664,107.533997,6,599,58,3,"e00fce68f12da1a0c5de6248",2026-09-25 09:20:03.133,2026-09-25 09:20:03.362,2026-09-25 09:20:03.362,2026-09-25
"557","gSHcMbySwH","MOOSPMv3Parser",1790328001,5,5,5,7,7,5,5,9,9,5,958,295,230301,52,37,5,37,37,0,0,37,0,22,23,44,46,18.562,69,17,36.433582,-119.923317,28.160999,9,599,58,3,"e00fce6876826e255108c6bd",2026-09-25 09:20:03.134,2026-09-25 09:20:03.405,2026-09-25 09:20:03.405,2026-09-25
"558","LwtrWV1nA9","MOOSPMv3Parser",1790328001,8,8,11,19,19,12,12,20,20,12,726,584,148724,114,89,12,89,89,21,46,89,0,21,23,57,51,8.643,204,1,35.963192,-119.291885,68.860001,9,600,58,3,"e00fce68d6b773b56ce8baa0",2026-09-25 09:20:03.696,2026-09-25 09:20:03.877,2026-09-25 09:20:03.877,2026-09-25
"559","CV410BC65A","MOOSPMv3Parser",1790328000,4,4,4,6,6,5,5,7,7,5,1031,259,332828,45,35,3,35,35,18,40,35,0,22,20,41,49,23.973,197,1,36.139076,-120.368469,173.893005,8,600,58,3,"e00fce6850cac69f647dc199",2026-09-25 09:20:04.895,2026-09-25 09:20:05.078,2026-09-25 09:20:05.078,2026-09-25
"560","NdkZRuNZpt","MOOSPMv3Parser",1790328001,6,6,0,9,9,0,0,10,10,0,1249,356,219311,62,0,3,0,0,22,27,0,0,23,24,37,37,30.649,111,3277,6.4e-05,0.002307,13161.265625,9,600,58,3,"e00fce68e28dcbc9a589be10",2026-09-25 09:20:09.722,2026-09-25 09:20:10.032,2026-09-25 09:20:10.032,2026-09-25
"561","J9byMUclfK","MOOSPMv3Parser",1790328600,7,7,0,11,11,0,0,12,12,0,1665,393,0,73,0,7,0,0,21,33,0,2,23,23,40,42,17.474,138,122,36.187523,-119.822166,27.117001,9,600,58,3,"e00fce68e739ecbcf9e91965",2026-09-25 09:30:02.527,2026-09-25 09:30:02.729,2026-09-25 09:30:02.729,2026-09-25
"562","5BBVS5S3sM","MOOSPMv3Parser",1790328600,4,4,3,6,6,4,4,6,6,4,1624,251,85184,33,26,3,26,26,20,38,26,0,22,21,43,47,32.103,47,5,36.503056,-120.325325,24.818001,8,600,58,3,"e00fce68e77e43df92405fdb",2026-09-25 09:30:02.761,2026-09-25 09:30:02.929,2026-09-25 09:30:02.929,2026-09-25
"563","3tKbq0SUOK","MOOSPMv3Parser",1790328601,16,16,9,23,23,9,9,24,24,9,2972,829,284248,140,70,8,70,70,19,60,70,0,20,20,59,57,8.018,240,1,35.949593,-119.049942,115.968002,12,600,58,3,"e00fce6808784ceaf209f949",2026-09-25 09:30:03.066,2026-09-25 09:30:03.245,2026-09-25 09:30:03.245,2026-09-25
"564","45MelXjOdu","MOOSPMv3Parser",1790328601,0,0,2,1,1,2,2,1,1,2,273,177,63089,25,14,2,14,14,20,36,14,0,21,22,40,38,21.156,43,2,36.198864,-120.104424,80.234001,9,600,58,3,"e00fce686dc2ef0a68fa40b0",2026-09-25 09:30:03.078,2026-09-25 09:30:03.28,2026-09-25 09:30:03.28,2026-09-25
"565","P19ckrcOLP","MOOSPMv3Parser",1790328600,8,8,6,12,12,6,6,12,12,6,1961,438,188768,77,48,5,48,48,20,59,48,0,22,22,54,54,7.314,209,1,35.775047,-119.238541,69.602997,13,600,58,3,"e00fce68e88237db75a60608",2026-09-25 09:30:03.16,2026-09-25 09:30:03.339,2026-09-25 09:30:03.339,2026-09-25
"566","sC12wbYhEO","MOOSPMv3Parser",1790328601,20,19,13,27,27,14,14,29,29,14,3556,1005,163566,162,105,7,106,106,19,73,106,0,19,20,74,68,8.405,192,1,36.523396,-119.278763,89.597,7,599,58,3,"e00fce68f12da1a0c5de6248",2026-09-25 09:30:03.146,2026-09-25 09:30:03.345,2026-09-25 09:30:03.345,2026-09-25
"567","QiVAI1Wxvf","MOOSPMv3Parser",1790328601,4,4,5,7,7,5,5,8,8,5,942,290,230333,51,36,5,36,37,0,0,37,0,22,23,45,46,18.383,70,16,36.433632,-119.923363,30.941999,10,599,58,3,"e00fce6876826e255108c6bd",2026-09-25 09:30:03.206,2026-09-25 09:30:03.384,2026-09-25 09:30:03.384,2026-09-25
"568","tPXXUqiPHT","MOOSPMv3Parser",1790328601,12,12,14,25,25,15,15,26,26,15,860,706,148816,144,109,15,110,110,21,46,110,0,21,23,57,51,7.605,204,1,35.963245,-119.291832,37.160999,6,600,58,3,"e00fce68d6b773b56ce8baa0",2026-09-25 09:30:03.462,2026-09-25 09:30:03.638,2026-09-25 09:30:03.638,2026-09-25
"569","oXdMreisEO","MOOSPMv3Parser",1790328600,4,4,4,7,7,4,4,7,7,4,1027,261,332860,46,33,3,33,33,18,40,33,0,22,19,42,49,23.167,217,1,36.139015,-120.368378,153.222,7,600,58,3,"e00fce6850cac69f647dc199",2026-09-25 09:30:05.308,2026-09-25 09:30:05.469,2026-09-25 09:30:05.469,2026-09-25
"570","6KZ7FWmn9a","MOOSPMv3Parser",1790328601,6,6,0,9,9,0,0,9,9,0,1246,351,219311,60,0,3,0,0,22,26,0,0,23,24,36,37,32.931,73,3277,6.4e-05,0.002307,13161.265625,9,600,58,3,"e00fce68e28dcbc9a589be10",2026-09-25 09:30:09.786,2026-09-25 09:30:09.953,2026-09-25 09:30:09.953,2026-09-25
"571","ADMfblfjFK","MOOSPMv3Parser",1790329200,7,7,0,11,11,0,0,11,11,0,1727,387,0,68,0,7,0,0,21,32,0,2,23,23,40,42,17.836,142,143,36.187515,-119.822083,30.004999,12,600,58,3,"e00fce68e739ecbcf9e91965",2026-09-25 09:40:02.449,2026-09-25 09:40:02.655,2026-09-25 09:40:02.655,2026-09-25
"572","uUQk9Njdib","MOOSPMv3Parser",1790329200,4,4,3,5,5,4,4,6,6,4,1570,237,85204,32,24,2,25,25,20,37,25,1,21,21,42,46,31.99,43,5,36.503078,-120.325386,50.963001,10,600,58,3,"e00fce68e77e43df92405fdb",2026-09-25 09:40:02.697,2026-09-25 09:40:02.992,2026-09-25 09:40:02.992,2026-09-25
"573","DixJjW2OP6","MOOSPMv3Parser",1790329200,8,8,6,13,13,7,7,13,13,7,1968,453,188811,85,49,5,49,49,20,65,49,0,21,22,58,58,4.564,235,1,35.775139,-119.238472,64.725998,9,600,58,3,"e00fce68e88237db75a60608",2026-09-25 09:40:03.073,2026-09-25 09:40:03.268,2026-09-25 09:40:03.268,2026-09-25
"574","NqXEBirXIA","MOOSPMv3Parser",1790329201,20,19,13,28,28,14,14,29,29,14,3585,1010,163658,163,104,7,105,105,18,74,105,0,18,20,78,69,6.18,196,1,36.523251,-119.278893,105.757004,7,599,58,3,"e00fce68f12da1a0c5de6248",2026-09-25 09:40:03.121,2026-09-25 09:40:03.323,2026-09-25 09:40:03.323,2026-09-25
"575","atB2FiMBje","MOOSPMv3Parser",1790329201,17,17,9,24,24,10,10,25,25,10,3211,890,284311,145,71,8,71,71,19,60,71,0,19,20,60,58,7.425,240,1,35.949619,-119.050003,111.668999,7,600,58,3,"e00fce6808784ceaf209f949",2026-09-25 09:40:03.13,2026-09-25 09:40:03.336,2026-09-25 09:40:03.336,2026-09-25
"576","XgPBTonZBr","MOOSPMv3Parser",1790329201,4,4,5,7,7,5,5,8,8,5,932,286,230365,52,36,4,36,36,0,0,36,0,22,22,45,46,17.974,70,14,36.433636,-119.923347,36.448002,8,599,58,3,"e00fce6876826e255108c6bd",2026-09-25 09:40:03.289,2026-09-25 09:40:03.454,2026-09-25 09:40:03.454,2026-09-25
"577","ADW6A1hASz","MOOSPMv3Parser",1790329201,10,10,13,23,23,14,14,25,25,14,818,670,148904,132,105,14,105,105,21,45,105,0,21,23,57,50,5.626,207,1,35.963245,-119.291832,37.157001,0,600,58,3,"e00fce68d6b773b56ce8baa0",2026-09-25 09:40:03.461,2026-09-25 09:40:03.657,2026-09-25 09:40:03.657,2026-09-25
"578","LgkEBiCu7h","MOOSPMv3Parser",1790329201,0,0,2,1,1,2,2,2,2,2,292,194,63102,31,15,2,15,15,20,37,15,0,21,22,41,39,21.731,37,2,36.198906,-120.104362,88.960999,8,600,58,3,"e00fce686dc2ef0a68fa40b0",2026-09-25 09:40:03.586,2026-09-25 09:40:03.731,2026-09-25 09:40:03.731,2026-09-25
"579","G1nAtDdgxm","MOOSPMv3Parser",1790329200,4,4,5,6,6,5,5,7,7,5,1036,262,332892,44,36,2,36,36,18,41,36,0,22,19,42,49,24.469,188,1,36.139057,-120.368492,167.177994,7,600,58,3,"e00fce6850cac69f647dc199",2026-09-25 09:40:04.166,2026-09-25 09:40:04.358,2026-09-25 09:40:04.358,2026-09-25
"580","77AjNE1827","MOOSPMv3Parser",1790329201,6,6,0,9,9,0,0,9,9,0,1190,337,219311,57,0,3,0,0,22,26,0,0,23,24,37,37,32.954,65,3277,6.4e-05,0.002307,13161.265625,9,600,58,3,"e00fce68e28dcbc9a589be10",2026-09-25 09:40:09.772,2026-09-25 09:40:09.954,2026-09-25 09:40:09.954,2026-09-25
"581","gIsCMqZB0F","MOOSPMv3Parser",1790329800,6,6,0,10,10,0,0,11,11,0,1662,379,0,66,0,6,0,0,21,32,0,2,23,23,40,42,18.762,128,178,36.187515,-119.822083,30.004999,0,600,58,3,"e00fce68e739ecbcf9e91965",2026-09-25 09:50:02.455,2026-09-25 09:50:02.759,2026-09-25 09:50:02.759,2026-09-25
"582","7iIG7e0RHq","MOOSPMv3Parser",1790329800,3,3,3,4,4,3,3,5,5,3,1445,204,85222,30,21,2,21,21,20,36,21,0,21,21,42,45,32.616,36,5,36.503109,-120.325356,51.588001,7,600,58,3,"e00fce68e77e43df92405fdb",2026-09-25 09:50:02.653,2026-09-25 09:50:02.927,2026-09-25 09:50:02.927,2026-09-25
"583","1ZtUKSDWjN","MOOSPMv3Parser",1790329800,9,9,7,13,13,7,7,14,14,7,2113,496,188857,88,53,4,53,53,20,67,53,0,21,22,59,58,3.776,251,1,35.775047,-119.238518,65.272003,9,600,58,3,"e00fce68e88237db75a60608",2026-09-25 09:50:02.984,2026-09-25 09:50:03.215,2026-09-25 09:50:03.215,2026-09-25
"584","JkawqE4YkH","MOOSPMv3Parser",1790329801,20,20,14,28,28,14,14,29,29,14,3655,1031,163750,161,106,7,106,106,18,75,106,0,17,20,79,70,5.131,167,1,36.523335,-119.278847,115.467003,7,599,58,3,"e00fce68f12da1a0c5de6248",2026-09-25 09:50:03.079,2026-09-25 09:50:03.321,2026-09-25 09:50:03.321,2026-09-25
"585","VGEoetkw9q","MOOSPMv3Parser",1790329801,18,18,10,25,25,10,10,26,26,10,3266,906,284378,156,77,7,77,77,18,62,77,0,19,20,60,58,6.625,240,1,35.949554,-119.049942,118.551003,7,600,58,3,"e00fce6808784ceaf209f949",2026-09-25 09:50:03.123,2026-09-25 09:50:03.368,2026-09-25 09:50:03.368,2026-09-25
"586","gnoEB9I7Sh","MOOSPMv3Parser",1790329801,5,5,5,7,7,5,5,9,9,5,953,293,230397,54,37,4,37,37,0,0,37,0,22,22,46,47,17.9,70,12,36.433651,-119.923363,23.167,10,599,58,3,"e00fce6876826e255108c6bd",2026-09-25 09:50:03.207,2026-09-25 09:50:03.41,2026-09-25 09:50:03.41,2026-09-25
"587","0GXzxxQK2w","MOOSPMv3Parser",1790329801,8,8,11,20,20,12,12,21,21,12,719,579,148977,116,87,12,87,87,21,44,87,0,21,23,57,48,7.658,197,1,35.963161,-119.291862,58.404999,9,600,58,3,"e00fce68d6b773b56ce8baa0",2026-09-25 09:50:03.374,2026-09-25 09:50:03.534,2026-09-25 09:50:03.534,2026-09-25
"588","xInxaOCVaa","MOOSPMv3Parser",1790329801,0,0,2,3,3,2,2,3,3,2,321,217,63116,36,17,2,17,17,20,38,17,0,20,22,45,41,19.786,65,2,36.198921,-120.104446,83.916,9,600,58,3,"e00fce686dc2ef0a68fa40b0",2026-09-25 09:50:03.798,2026-09-25 09:50:04.067,2026-09-25 09:50:04.067,2026-09-25
"589","TjECg88Y4Y","MOOSPMv3Parser",1790329800,5,5,5,7,7,5,5,7,7,5,1090,274,332924,45,36,3,36,36,18,43,36,0,21,19,44,51,26.7,139,1,36.139034,-120.368446,156.128006,5,600,58,3,"e00fce6850cac69f647dc199",2026-09-25 09:50:04.502,2026-09-25 09:50:04.625,2026-09-25 09:50:04.625,2026-09-25
"590","QaSrurjzMT","MOOSPMv3Parser",1790329801,6,6,0,8,8,0,0,9,9,0,1152,329,219311,55,0,3,0,0,22,27,0,0,23,24,38,37,32.34,74,3277,6.4e-05,0.002307,13161.265625,9,600,58,3,"e00fce68e28dcbc9a589be10",2026-09-25 09:50:09.782,2026-09-25 09:50:09.989,2026-09-25 09:50:09.989,2026-09-25
"591","VydPTBSfFh","MOOSPMv3Parser",1790330400,3,3,3,4,4,3,3,5,5,3,1407,210,85239,29,20,2,20,20,20,36,20,0,21,21,41,45,32.438,28,5,36.503105,-120.325386,56.018002,5,600,58,3,"e00fce68e77e43df92405fdb",2026-09-25 10:00:02.835,2026-09-25 10:00:03.331,2026-09-25 10:00:03.331,2026-09-25
"592","IVcKTy8lcx","MOOSPMv3Parser",1790330401,0,0,2,1,1,2,2,2,2,2,275,180,63129,28,14,2,14,14,20,39,14,0,20,22,44,41,16.607,112,2,36.198921,-120.104446,83.911003,0,600,58,3,"e00fce686dc2ef0a68fa40b0",2026-09-25 10:00:02.824,2026-09-25 10:00:03.341,2026-09-25 10:00:03.341,2026-09-25
"593","XpgiY4uN0t","MOOSPMv3Parser",1790330400,6,6,0,9,9,0,0,11,11,0,1517,352,0,61,0,6,0,0,21,33,0,2,23,23,40,42,19.279,114,218,36.187538,-119.822052,26.162001,13,600,58,3,"e00fce68e739ecbcf9e91965",2026-09-25 10:00:02.526,2026-09-25 10:00:03.582,2026-09-25 10:00:03.582,2026-09-25
"594","2I1etT4JEn","MOOSPMv3Parser",1790330400,9,9,7,14,14,7,7,14,14,7,2087,501,188905,91,55,6,55,55,20,69,55,0,21,21,61,60,2.889,254,1,35.775002,-119.238579,59,9,600,58,3,"e00fce68e88237db75a60608",2026-09-25 10:00:03.064,2026-09-25 10:00:03.642,2026-09-25 10:00:03.642,2026-09-25
"595","Zj00pjn7xD","MOOSPMv3Parser",1790330401,16,16,9,24,24,9,9,25,25,9,3083,859,284439,143,70,9,70,70,19,60,70,0,19,20,60,57,6.689,237,1,35.949554,-119.049942,118.549004,0,600,58,3,"e00fce6808784ceaf209f949",2026-09-25 10:00:03.076,2026-09-25 10:00:03.888,2026-09-25 10:00:03.888,2026-09-25
"596","tFZ8WCzVWr","MOOSPMv3Parser",1790330401,4,4,5,7,7,5,5,8,8,5,921,285,230429,50,36,6,36,36,0,0,36,0,21,22,47,48,17.676,70,12,36.433586,-119.923264,39.532001,9,599,58,3,"e00fce6876826e255108c6bd",2026-09-25 10:00:03.441,2026-09-25 10:00:03.949,2026-09-25 10:00:03.949,2026-09-25
"597","Ytl12Hcih5","MOOSPMv3Parser",1790330401,7,7,11,19,19,12,12,21,21,12,704,564,149051,113,88,12,88,88,21,44,88,0,21,23,57,48,6.817,195,1,35.96315,-119.291748,46.376999,11,600,58,3,"e00fce68d6b773b56ce8baa0",2026-09-25 10:00:03.542,2026-09-25 10:00:04.033,2026-09-25 10:00:04.033,2026-09-25
"598","rwiI9o90xv","MOOSPMv3Parser",1790330401,22,21,14,29,29,15,15,31,31,15,3875,1096,163848,170,112,6,113,113,18,76,113,0,17,19,82,72,4.481,138,1,36.523365,-119.278839,89.514999,7,599,58,3,"e00fce68f12da1a0c5de6248",2026-09-25 10:00:03.147,2026-09-25 10:00:04.149,2026-09-25 10:00:04.149,2026-09-25
"599","JDNBpjToBb","MOOSPMv3Parser",1790330400,5,5,5,7,7,5,5,8,8,5,1112,280,332956,48,37,4,37,37,18,44,37,0,21,19,45,53,23.268,191,1,36.138969,-120.368378,167.074005,8,600,58,3,"e00fce6850cac69f647dc199",2026-09-25 10:00:04.821,2026-09-25 10:00:05.502,2026-09-25 10:00:05.502,2026-09-25
"600","vpGnAtl8EV","MOOSPMv3Parser",1790330401,6,6,0,8,8,0,0,8,8,0,1133,319,219311,54,0,3,0,0,22,28,0,0,22,24,38,38,32.347,72,3277,6.4e-05,0.002307,13161.265625,9,600,58,3,"e00fce68e28dcbc9a589be10",2026-09-25 10:00:09.925,2026-09-25 10:00:10.152,2026-09-25 10:00:10.152,2026-09-25
"601","8D4Tcj9AXG","MOOSPMv3Parser",1790331000,6,6,0,9,9,0,0,10,10,0,1524,333,0,60,0,6,0,0,21,33,0,2,23,23,41,43,19.232,111,242,36.187565,-119.822151,21.563,12,600,58,3,"e00fce68e739ecbcf9e91965",2026-09-25 10:10:02.592,2026-09-25 10:10:02.825,2026-09-25 10:10:02.825,2026-09-25
"602","nfMI5qfX1R","MOOSPMv3Parser",1790331000,3,3,2,4,4,3,3,4,4,3,1391,195,85255,29,18,2,19,19,20,36,19,0,21,21,42,45,32.891,27,6,36.503155,-120.325378,68.593002,5,600,58,3,"e00fce68e77e43df92405fdb",2026-09-25 10:10:02.696,2026-09-25 10:10:02.871,2026-09-25 10:10:02.871,2026-09-25
"603","esTKIdQHLz","MOOSPMv3Parser",1790331001,17,17,9,24,24,10,10,25,25,10,3127,867,284503,151,71,8,72,72,18,62,72,0,19,20,60,58,6.753,234,1,35.949585,-119.050003,110.439003,9,600,58,3,"e00fce6808784ceaf209f949",2026-09-25 10:10:03.071,2026-09-25 10:10:03.223,2026-09-25 10:10:03.223,2026-09-25
"604","JjtUtqmpAE","MOOSPMv3Parser",1790331001,21,20,14,29,29,15,15,30,30,15,3783,1063,163946,161,113,7,113,113,18,75,113,0,17,19,79,69,4.414,154,1,36.523323,-119.278732,73.496002,7,599,58,3,"e00fce68f12da1a0c5de6248",2026-09-25 10:10:03.079,2026-09-25 10:10:03.24,2026-09-25 10:10:03.24,2026-09-25
"605","UrUAMjZJq5","MOOSPMv3Parser",1790331000,10,10,7,15,15,8,8,15,15,8,2182,526,188954,95,57,6,57,57,20,71,57,0,21,21,61,60,2.308,257,1,35.775082,-119.238472,54.754002,8,600,58,3,"e00fce68e88237db75a60608",2026-09-25 10:10:03.054,2026-09-25 10:10:03.242,2026-09-25 10:10:03.242,2026-09-25
"606","DVu3uwp2YQ","MOOSPMv3Parser",1790331001,0,0,2,1,1,2,2,2,2,2,282,183,63142,28,16,2,16,16,20,38,16,0,20,21,44,41,17.104,106,2,36.198868,-120.104401,81.111,12,600,58,3,"e00fce686dc2ef0a68fa40b0",2026-09-25 10:10:03.159,2026-09-25 10:10:03.312,2026-09-25 10:10:03.312,2026-09-25
"607","zGO96sshCH","MOOSPMv3Parser",1790331001,4,4,5,7,7,5,5,8,8,5,920,280,230461,52,36,4,37,37,0,0,37,0,21,22,48,49,17.842,70,12,36.433575,-119.923233,38.669998,11,599,58,3,"e00fce6876826e255108c6bd",2026-09-25 10:10:03.207,2026-09-25 10:10:03.41,2026-09-25 10:10:03.41,2026-09-25
"608","bsIq1YoO2P","MOOSPMv3Parser",1790331001,6,6,10,15,15,10,10,18,18,10,648,516,149116,101,78,11,78,78,21,43,78,0,21,23,57,47,8.552,193,1,35.963242,-119.291939,22.087999,7,600,58,3,"e00fce68d6b773b56ce8baa0",2026-09-25 10:10:03.374,2026-09-25 10:10:03.528,2026-09-25 10:10:03.528,2026-09-25
"609","0jF9rx7J6E","MOOSPMv3Parser",1790331000,4,4,5,7,7,5,5,7,7,5,1062,271,332988,44,38,3,38,38,18,42,38,0,21,19,42,49,23.156,196,1,36.138969,-120.368378,167.072998,0,600,58,3,"e00fce6850cac69f647dc199",2026-09-25 10:10:05.145,2026-09-25 10:10:05.353,2026-09-25 10:10:05.353,2026-09-25
"610","8TLDGFdMf6","MOOSPMv3Parser",1790331001,5,5,0,8,8,0,0,8,8,0,1091,311,219311,56,0,3,0,0,21,28,0,0,22,23,38,38,31.957,72,3277,6.4e-05,0.002307,13161.265625,9,600,58,3,"e00fce68e28dcbc9a589be10",2026-09-25 10:10:09.719,2026-09-25 10:10:09.893,2026-09-25 10:10:09.893,2026-09-25
"611","3I6Rsk7rgW","MOOSPMv3Parser",1790331601,1,1,2,1,1,2,2,2,2,2,283,188,63156,29,17,2,17,17,20,39,17,0,20,21,44,41,16.954,94,2,36.198822,-120.104408,95.357002,13,600,58,3,"e00fce686dc2ef0a68fa40b0",2026-09-25 10:20:02.508,2026-09-25 10:20:02.718,2026-09-25 10:20:02.718,2026-09-25
"612","DIfb8AYIDT","MOOSPMv3Parser",1790331600,6,6,0,10,10,0,0,11,11,0,1536,345,0,66,0,9,0,0,21,34,0,2,22,23,42,44,18.757,116,250,36.187565,-119.822105,21.813999,11,600,58,3,"e00fce68e739ecbcf9e91965",2026-09-25 10:20:02.511,2026-09-25 10:20:02.844,2026-09-25 10:20:02.844,2026-09-25
"613","BH115cuiOg","MOOSPMv3Parser",1790331600,2,2,2,4,4,2,3,4,4,3,1324,184,85271,25,18,2,18,18,19,36,18,0,21,21,43,45,32.504,25,6,36.503075,-120.325424,65.059998,5,600,58,3,"e00fce68e77e43df92405fdb",2026-09-25 10:20:02.835,2026-09-25 10:20:03.028,2026-09-25 10:20:03.028,2026-09-25
"614","JDK3wVm6Rv","MOOSPMv3Parser",1790331600,10,10,7,14,14,8,8,15,15,8,2210,521,189321,95,59,5,59,59,20,72,59,0,21,21,61,61,1.575,259,1,35.775051,-119.238548,66.218002,9,599,58,3,"e00fce68e88237db75a60608",2026-09-25 10:20:03.064,2026-09-25 10:20:03.226,2026-09-25 10:20:03.226,2026-09-25
"615","ROH7Ui3pXe","MOOSPMv3Parser",1790331601,17,17,9,25,25,10,10,26,26,10,3192,887,284567,149,73,8,73,73,18,64,73,0,19,20,60,58,6.643,233,1,35.949635,-119.050148,116.857002,7,600,58,3,"e00fce6808784ceaf209f949",2026-09-25 10:20:03.076,2026-09-25 10:20:03.282,2026-09-25 10:20:03.282,2026-09-25
"616","NC42BqUHgY","MOOSPMv3Parser",1790331601,21,21,14,30,30,15,15,32,32,15,3864,1096,164043,178,111,9,111,111,18,77,111,0,17,19,82,72,4.107,157,1,36.523426,-119.278839,101.797997,8,599,58,3,"e00fce68f12da1a0c5de6248",2026-09-25 10:20:03.082,2026-09-25 10:20:03.295,2026-09-25 10:20:03.295,2026-09-25
"617","kZkDtYC4Sz","MOOSPMv3Parser",1790331601,4,4,5,7,7,5,5,9,9,5,927,285,230109,53,36,6,36,36,0,0,36,0,21,21,48,49,17.818,71,12,36.433559,-119.923409,33.997002,10,600,58,3,"e00fce6876826e255108c6bd",2026-09-25 10:20:03.37,2026-09-25 10:20:03.717,2026-09-25 10:20:03.717,2026-09-25
"618","C5mF4uC6TR","MOOSPMv3Parser",1790331601,5,5,9,10,10,9,9,12,12,9,565,443,149174,87,68,10,69,69,21,43,69,0,21,23,57,47,11.03,174,1,35.963192,-119.291862,27.642,8,600,58,3,"e00fce68d6b773b56ce8baa0",2026-09-25 10:20:03.565,2026-09-25 10:20:03.728,2026-09-25 10:20:03.728,2026-09-25
"619","NjTSBZwTOy","MOOSPMv3Parser",1790331600,5,5,5,7,7,5,5,8,8,5,1083,274,333020,50,37,4,37,37,18,42,37,0,21,19,43,50,23.866,181,1,36.138889,-120.368362,162.882996,9,600,58,3,"e00fce6850cac69f647dc199",2026-09-25 10:20:04.165,2026-09-25 10:20:04.393,2026-09-25 10:20:04.393,2026-09-25
"620","zZsr2vzmQW","MOOSPMv3Parser",1790331601,5,5,0,7,7,0,0,8,8,0,1050,298,219311,49,0,3,0,0,21,28,0,0,22,23,39,38,31.768,65,3277,6.4e-05,0.002307,13161.265625,9,600,58,3,"e00fce68e28dcbc9a589be10",2026-09-25 10:20:09.72,2026-09-25 10:20:09.915,2026-09-25 10:20:09.915,2026-09-25
"621","zRrDJs03w0","MOOSPMv3Parser",1790332200,6,6,0,11,11,0,0,12,12,0,1547,357,0,68,0,10,0,0,21,35,0,2,22,22,42,44,18.619,123,253,36.187508,-119.822151,20.538,10,600,58,3,"e00fce68e739ecbcf9e91965",2026-09-25 10:30:02.532,2026-09-25 10:30:02.739,2026-09-25 10:30:02.739,2026-09-25
"622","XA1zupDJG8","MOOSPMv3Parser",1790332200,10,10,8,15,15,8,8,16,16,8,2184,533,189374,98,60,7,61,61,19,73,61,0,21,21,62,61,2.184,254,1,35.775082,-119.23848,64.751999,9,599,58,3,"e00fce68e88237db75a60608",2026-09-25 10:30:02.993,2026-09-25 10:30:03.153,2026-09-25 10:30:03.153,2026-09-25
"623","sXIABSrJoM","MOOSPMv3Parser",1790332201,16,16,9,23,23,9,9,24,24,9,3039,841,284629,138,69,7,69,69,18,62,69,0,19,20,58,57,7.265,228,1,35.949581,-119.050018,95.952003,9,600,58,3,"e00fce6808784ceaf209f949",2026-09-25 10:30:03.129,2026-09-25 10:30:03.283,2026-09-25 10:30:03.283,2026-09-25
"624","iOAtI1Meef","MOOSPMv3Parser",1790332201,21,20,15,30,29,15,15,31,31,15,3875,1095,164143,173,114,7,115,115,18,77,115,0,17,19,82,72,4.728,141,1,36.523331,-119.278786,82.790001,7,599,58,3,"e00fce68f12da1a0c5de6248",2026-09-25 10:30:03.08,2026-09-25 10:30:03.299,2026-09-25 10:30:03.299,2026-09-25
"625","wtczalAkLx","MOOSPMv3Parser",1790332201,4,4,5,7,7,5,5,9,9,5,935,285,230525,52,36,6,36,36,0,0,36,0,20,21,49,49,17.225,71,11,36.433598,-119.92337,25.691999,7,599,58,3,"e00fce6876826e255108c6bd",2026-09-25 10:30:03.214,2026-09-25 10:30:03.435,2026-09-25 10:30:03.435,2026-09-25
"626","3wB3UXqhxD","MOOSPMv3Parser",1790332201,5,5,8,9,9,9,9,10,10,9,543,421,149228,82,64,8,65,65,21,43,65,0,21,23,57,48,10.486,177,2,35.96315,-119.291748,65.635002,6,600,58,3,"e00fce68d6b773b56ce8baa0",2026-09-25 10:30:03.525,2026-09-25 10:30:03.726,2026-09-25 10:30:03.726,2026-09-25
"627","g2d0WtyszB","MOOSPMv3Parser",1790332201,0,0,2,2,2,2,2,2,2,2,291,192,63170,31,16,3,17,17,20,40,17,0,19,21,46,43,16.361,99,2,36.198826,-120.104431,80.875999,11,600,58,3,"e00fce686dc2ef0a68fa40b0",2026-09-25 10:30:03.941,2026-09-25 10:30:04.128,2026-09-25 10:30:04.128,2026-09-25
"628","6d4fBMW9eB","MOOSPMv3Parser",1790332200,2,2,2,3,3,3,3,4,4,3,1272,171,85286,23,18,2,18,18,19,36,18,0,21,20,43,45,31.386,28,6,36.503204,-120.325554,55.976002,4,600,58,3,"e00fce68e77e43df92405fdb",2026-09-25 10:30:04.142,2026-09-25 10:30:04.341,2026-09-25 10:30:04.341,2026-09-25
"629","BCuieYI3Og","MOOSPMv3Parser",1790332200,5,5,5,7,7,5,5,8,8,5,1120,281,333052,50,37,3,37,37,18,44,37,0,21,19,45,53,22.51,212,1,36.13895,-120.36834,164.985992,8,600,58,3,"e00fce6850cac69f647dc199",2026-09-25 10:30:04.484,2026-09-25 10:30:04.658,2026-09-25 10:30:04.658,2026-09-25
"630","0lwLPp4iOY","MOOSPMv3Parser",1790332201,5,5,0,7,7,0,0,7,7,0,1011,285,219311,46,0,3,0,0,21,28,0,0,22,23,38,38,31.426,62,3277,6.4e-05,0.002307,13161.265625,9,600,58,3,"e00fce68e28dcbc9a589be10",2026-09-25 10:30:09.718,2026-09-25 10:30:09.874,2026-09-25 10:30:09.874,2026-09-25
"631","kHgHc2ezK3","MOOSPMv3Parser",1790332800,2,2,2,4,4,2,3,4,4,3,1295,181,85301,25,18,2,18,18,19,36,18,0,21,20,42,45,31.504,29,6,36.50317,-120.3255,49.553001,6,600,58,3,"e00fce68e77e43df92405fdb",2026-09-25 10:40:02.758,2026-09-25 10:40:02.911,2026-09-25 10:40:02.911,2026-09-25
"632","a0ehPTmFN4","MOOSPMv3Parser",1790332800,6,6,0,10,10,0,0,11,11,0,1495,346,0,63,0,7,0,0,21,36,0,2,22,22,43,45,18.269,131,250,36.187462,-119.822067,25.035,11,600,58,3,"e00fce68e739ecbcf9e91965",2026-09-25 10:40:02.645,2026-09-25 10:40:02.926,2026-09-25 10:40:02.926,2026-09-25
"633","s5k4kKXEQ6","MOOSPMv3Parser",1790332801,0,0,2,2,2,2,2,2,2,2,303,202,63185,32,18,3,18,18,19,40,18,0,19,21,47,43,15.637,124,2,36.198822,-120.104408,75.18,9,600,58,3,"e00fce686dc2ef0a68fa40b0",2026-09-25 10:40:02.9,2026-09-25 10:40:03.189,2026-09-25 10:40:03.189,2026-09-25
"634","4fzUIpZ4mM","MOOSPMv3Parser",1790332800,10,10,8,15,15,8,8,15,15,8,2229,534,189427,99,61,5,61,62,19,73,62,0,21,21,61,62,2.447,248,1,35.774918,-119.238495,65.014999,7,599,58,3,"e00fce68e88237db75a60608",2026-09-25 10:40:03.061,2026-09-25 10:40:03.288,2026-09-25 10:40:03.288,2026-09-25
"635","vDKTGYvqmB","MOOSPMv3Parser",1790332801,14,14,8,20,20,8,8,21,21,8,2670,743,284681,120,61,7,61,61,18,58,61,0,20,20,56,56,8.856,216,1,35.949623,-119.050003,103.802002,10,600,58,3,"e00fce6808784ceaf209f949",2026-09-25 10:40:03.138,2026-09-25 10:40:03.342,2026-09-25 10:40:03.342,2026-09-25
"636","cAV6C3aFHo","MOOSPMv3Parser",1790332801,21,20,14,29,29,15,15,31,31,15,3784,1066,164242,176,113,7,114,114,18,77,114,0,17,19,81,73,5.304,139,1,36.523418,-119.278862,91.431999,6,599,58,3,"e00fce68f12da1a0c5de6248",2026-09-25 10:40:03.246,2026-09-25 10:40:03.485,2026-09-25 10:40:03.485,2026-09-25
"637","mfHnUeuWKe","MOOSPMv3Parser",1790332801,4,4,4,7,7,5,5,8,8,5,922,283,230173,49,35,6,35,35,0,0,35,0,20,21,49,49,17.167,71,10,36.433598,-119.92337,25.690001,0,600,58,3,"e00fce6876826e255108c6bd",2026-09-25 10:40:03.361,2026-09-25 10:40:03.499,2026-09-25 10:40:03.499,2026-09-25
"638","y7XNUmmQp1","MOOSPMv3Parser",1790332801,4,4,8,9,9,8,8,10,10,8,532,414,149281,80,63,9,63,63,21,44,63,0,21,23,57,48,10.716,176,2,35.963001,-119.291542,68.496002,5,600,58,3,"e00fce68d6b773b56ce8baa0",2026-09-25 10:40:03.692,2026-09-25 10:40:03.848,2026-09-25 10:40:03.848,2026-09-25
"639","U24q1092HI","MOOSPMv3Parser",1790332800,5,5,5,7,7,5,5,7,7,5,1070,270,333084,46,36,2,36,36,18,46,36,0,21,19,45,54,23.334,192,1,36.138912,-120.368378,153.326004,8,600,58,3,"e00fce6850cac69f647dc199",2026-09-25 10:40:04.894,2026-09-25 10:40:05.143,2026-09-25 10:40:05.143,2026-09-25
"640","gVF5NZcpnw","MOOSPMv3Parser",1790332801,5,5,0,7,7,0,0,7,7,0,1007,283,219311,46,0,3,0,0,21,28,0,0,22,23,37,38,31.567,62,3277,6.4e-05,0.002307,13161.265625,9,600,58,3,"e00fce68e28dcbc9a589be10",2026-09-25 10:40:09.786,2026-09-25 10:40:09.979,2026-09-25 10:40:09.979,2026-09-25
"641","rvAr5S55vV","MOOSPMv3Parser",1790333400,6,6,0,10,10,0,0,10,10,0,1486,341,0,64,0,7,0,0,21,36,0,2,22,22,43,45,17.831,139,243,36.187584,-119.822052,29.242001,10,600,58,3,"e00fce68e739ecbcf9e91965",2026-09-25 10:50:02.609,2026-09-25 10:50:02.902,2026-09-25 10:50:02.902,2026-09-25
"642","H4vJ66OfMV","MOOSPMv3Parser",1790333401,0,0,2,1,1,3,3,2,2,3,303,204,63201,32,19,3,19,19,19,42,19,0,19,21,48,44,15.521,128,2,36.198891,-120.104424,70.531998,7,600,58,3,"e00fce686dc2ef0a68fa40b0",2026-09-25 10:50:03.073,2026-09-25 10:50:03.263,2026-09-25 10:50:03.263,2026-09-25
"643","vPh8CLuCMf","MOOSPMv3Parser",1790333401,20,20,14,28,28,15,15,30,30,15,3657,1038,164064,168,110,7,111,111,18,78,111,0,17,19,81,73,6.33,153,1,36.523418,-119.278862,91.427002,0,600,58,3,"e00fce68f12da1a0c5de6248",2026-09-25 10:50:03.143,2026-09-25 10:50:03.283,2026-09-25 10:50:03.283,2026-09-25
"644","SMHK25HjvK","MOOSPMv3Parser",1790333400,10,10,8,14,14,8,8,15,15,8,2152,515,189481,93,61,7,61,61,19,74,61,0,21,21,61,62,1.856,245,1,35.775108,-119.238541,68.406998,8,599,58,3,"e00fce68e88237db75a60608",2026-09-25 10:50:03.303,2026-09-25 10:50:03.457,2026-09-25 10:50:03.457,2026-09-25
"645","ncuetEMUDF","MOOSPMv3Parser",1790333401,4,4,8,9,9,8,8,10,10,8,521,406,149334,79,63,8,63,63,21,44,63,0,21,23,57,48,9.662,180,2,35.963207,-119.291817,51.776001,9,600,58,3,"e00fce68d6b773b56ce8baa0",2026-09-25 10:50:03.294,2026-09-25 10:50:03.485,2026-09-25 10:50:03.485,2026-09-25
"646","Ickl0M3agi","MOOSPMv3Parser",1790333401,13,13,7,18,18,7,7,18,18,7,2421,664,284728,105,53,5,54,54,18,55,54,0,20,20,53,53,9.64,207,1,35.949684,-119.049942,107.191002,10,600,58,3,"e00fce6808784ceaf209f949",2026-09-25 10:50:03.295,2026-09-25 10:50:03.53,2026-09-25 10:50:03.53,2026-09-25
"647","fhFk0hGu68","MOOSPMv3Parser",1790333401,4,4,4,7,7,5,5,8,8,5,901,278,230589,52,34,5,34,34,0,0,34,0,20,21,49,50,17.363,71,9,36.433659,-119.923355,28.256001,5,599,58,3,"e00fce6876826e255108c6bd",2026-09-25 10:50:03.366,2026-09-25 10:50:03.565,2026-09-25 10:50:03.565,2026-09-25
"648","dDmosM8qNo","MOOSPMv3Parser",1790333400,4,4,5,7,7,5,5,7,7,5,1036,262,333116,45,36,3,36,36,17,42,36,0,21,19,42,49,26.291,150,1,36.138912,-120.36837,170.309006,10,600,58,3,"e00fce6850cac69f647dc199",2026-09-25 10:50:05.072,2026-09-25 10:50:05.23,2026-09-25 10:50:05.23,2026-09-25
"649","2PbOfalCpr","MOOSPMv3Parser",1790333400,2,2,2,3,3,2,2,4,4,2,1276,172,85315,22,16,2,17,17,19,34,17,0,21,20,40,44,32.804,23,6,36.50312,-120.325371,57.436001,9,600,58,3,"e00fce68e77e43df92405fdb",2026-09-25 10:50:07.19,2026-09-25 10:50:07.434,2026-09-25 10:50:07.434,2026-09-25
"650","coH3QUe4sq","MOOSPMv3Parser",1790333401,5,5,0,7,7,0,0,7,7,0,967,273,219311,44,0,3,0,0,21,27,0,0,22,23,37,38,31.992,54,3277,6.4e-05,0.002307,13161.265625,9,600,58,3,"e00fce68e28dcbc9a589be10",2026-09-25 10:50:09.79,2026-09-25 10:50:10.008,2026-09-25 10:50:10.008,2026-09-25
"651","JSnOqULcK4","MOOSPMv3Parser",1790334000,5,5,0,9,9,0,0,9,9,0,1478,330,0,58,0,6,0,0,20,36,0,2,22,22,44,45,17.18,152,226,36.187496,-119.82196,26.069,8,600,58,3,"e00fce68e739ecbcf9e91965",2026-09-25 11:00:02.767,2026-09-25 11:00:03.283,2026-09-25 11:00:03.283,2026-09-25
"652","MQF0ibkSyR","MOOSPMv3Parser",1790334001,11,11,6,16,16,6,6,17,17,6,2225,614,284770,100,47,5,47,47,18,53,47,0,20,20,52,52,11.676,193,1,35.949551,-119.050041,100.477997,9,600,58,3,"e00fce6808784ceaf209f949",2026-09-25 11:00:03.077,2026-09-25 11:00:03.465,2026-09-25 11:00:03.465,2026-09-25
"653","UChivlCfAq","MOOSPMv3Parser",1790334001,20,19,14,28,28,14,14,29,29,14,3567,1014,164431,163,106,8,107,107,18,77,107,0,16,19,83,73,4.689,145,1,36.523357,-119.278816,83.504997,5,599,58,3,"e00fce68f12da1a0c5de6248",2026-09-25 11:00:03.078,2026-09-25 11:00:03.493,2026-09-25 11:00:03.493,2026-09-25
"654","QsPLkMOZI8","MOOSPMv3Parser",1790334001,0,0,2,2,2,2,2,2,2,2,299,199,63215,32,17,2,17,17,19,42,17,0,19,21,49,45,14.925,142,2,36.198891,-120.104424,86.508003,6,600,58,3,"e00fce686dc2ef0a68fa40b0",2026-09-25 11:00:03.495,2026-09-25 11:00:03.773,2026-09-25 11:00:03.773,2026-09-25
"655","mHkEQruvBs","MOOSPMv3Parser",1790334001,4,4,8,9,9,9,9,10,10,9,531,412,149389,81,66,8,66,66,20,44,66,0,21,22,57,48,6.711,191,1,35.963165,-119.291794,37.168999,7,600,58,3,"e00fce68d6b773b56ce8baa0",2026-09-25 11:00:03.469,2026-09-25 11:00:03.813,2026-09-25 11:00:03.813,2026-09-25
"656","ZjSBHlPM08","MOOSPMv3Parser",1790334001,4,4,4,7,7,5,5,8,8,5,837,255,230237,46,34,6,34,34,0,0,34,0,20,21,48,49,17.123,72,10,36.433762,-119.923294,45.238998,6,600,58,3,"e00fce6876826e255108c6bd",2026-09-25 11:00:03.447,2026-09-25 11:00:03.87,2026-09-25 11:00:03.87,2026-09-25
"657","YAjHXK5Ozr","MOOSPMv3Parser",1790334000,10,10,8,15,15,8,8,16,16,8,2240,543,189217,100,60,6,60,60,19,73,60,0,21,21,60,61,2.612,238,1,35.775108,-119.238541,68.403999,0,600,58,3,"e00fce68e88237db75a60608",2026-09-25 11:00:03.072,2026-09-25 11:00:04.012,2026-09-25 11:00:04.012,2026-09-25
"658","5CaV0HKIEV","MOOSPMv3Parser",1790334000,2,2,2,3,3,2,2,4,4,2,1230,169,85329,25,16,1,16,16,19,34,16,0,21,20,40,43,33.606,15,7,36.503147,-120.32534,43.061001,5,600,58,3,"e00fce68e77e43df92405fdb",2026-09-25 11:00:03.629,2026-09-25 11:00:04.184,2026-09-25 11:00:04.184,2026-09-25
"659","dqF4RhvSgD","MOOSPMv3Parser",1790334000,4,4,5,6,6,5,5,7,7,5,1026,260,333148,41,36,2,36,36,17,41,36,0,21,18,42,49,27.581,124,1,36.13903,-120.368393,151.25,7,600,58,3,"e00fce6850cac69f647dc199",2026-09-25 11:00:04.103,2026-09-25 11:00:04.339,2026-09-25 11:00:04.339,2026-09-25
"660","8LMlyfiwxz","MOOSPMv3Parser",1790334001,4,4,0,6,6,0,0,7,7,0,907,253,219311,41,0,3,0,0,21,28,0,0,22,23,38,38,31.369,47,3277,6.4e-05,0.002307,13161.265625,9,600,58,3,"e00fce68e28dcbc9a589be10",2026-09-25 11:00:09.857,2026-09-25 11:00:10.046,2026-09-25 11:00:10.046,2026-09-25
"661","qjYUVjdzfj","MOOSPMv3Parser",1790334600,5,5,0,8,8,0,0,9,9,0,1397,311,0,57,0,6,0,0,20,35,0,2,21,22,43,44,16.746,159,214,36.187496,-119.822159,23.650999,6,600,58,3,"e00fce68e739ecbcf9e91965",2026-09-25 11:10:02.607,2026-09-25 11:10:02.826,2026-09-25 11:10:02.826,2026-09-25
"662","kbXi9fHHeH","MOOSPMv3Parser",1790334601,10,10,6,14,14,6,6,15,15,6,2026,557,284807,86,45,4,45,45,19,51,45,0,19,20,52,51,12.841,181,1,35.949608,-119.050003,109.094002,6,600,58,3,"e00fce6808784ceaf209f949",2026-09-25 11:10:03.072,2026-09-25 11:10:03.241,2026-09-25 11:10:03.241,2026-09-25
"663","WpM0rLAqx8","MOOSPMv3Parser",1790334600,10,10,8,15,15,8,8,16,16,8,2211,534,189586,100,60,8,60,60,19,75,60,0,20,20,62,63,1.806,237,1,35.775036,-119.238503,61.451,13,599,58,3,"e00fce68e88237db75a60608",2026-09-25 11:10:03.15,2026-09-25 11:10:03.294,2026-09-25 11:10:03.294,2026-09-25
"664","TkHW4lIjOq","MOOSPMv3Parser",1790334601,21,21,15,30,30,15,15,31,31,15,3867,1092,164532,173,115,7,116,116,17,79,116,0,16,18,85,74,4.568,95,1,36.523273,-119.278816,87.064003,5,599,58,3,"e00fce68f12da1a0c5de6248",2026-09-25 11:10:03.222,2026-09-25 11:10:03.416,2026-09-25 11:10:03.416,2026-09-25
"665","PKTuDBvHMe","MOOSPMv3Parser",1790334601,4,4,4,7,7,4,4,8,8,4,860,265,230653,48,32,5,32,32,0,0,32,0,20,21,48,49,17.215,72,9,36.433594,-119.92337,32.063999,9,599,58,3,"e00fce6876826e255108c6bd",2026-09-25 11:10:03.213,2026-09-25 11:10:03.433,2026-09-25 11:10:03.433,2026-09-25
"666","LGtZet3D88","MOOSPMv3Parser",1790334601,5,5,9,11,11,10,10,12,12,10,562,442,149449,87,71,9,72,72,20,45,72,0,21,22,57,50,6.395,196,1,35.96315,-119.291809,52.341999,8,600,58,3,"e00fce68d6b773b56ce8baa0",2026-09-25 11:10:03.292,2026-09-25 11:10:03.468,2026-09-25 11:10:03.468,2026-09-25
"667","Bxb2lqw3ZP","MOOSPMv3Parser",1790334601,0,0,2,1,1,2,2,1,1,2,285,188,63228,31,16,2,16,16,19,43,16,0,19,20,51,46,14.744,140,2,36.198891,-120.104439,57.932999,8,600,58,3,"e00fce686dc2ef0a68fa40b0",2026-09-25 11:10:03.798,2026-09-25 11:10:04.011,2026-09-25 11:10:04.011,2026-09-25
"668","7vEs0OMzqS","MOOSPMv3Parser",1790334600,2,2,2,3,3,2,2,4,4,2,1238,166,85343,25,16,1,16,16,19,34,16,0,21,20,40,43,34.032,14,7,36.503063,-120.325401,58.679001,7,600,58,3,"e00fce68e77e43df92405fdb",2026-09-25 11:10:04.022,2026-09-25 11:10:04.235,2026-09-25 11:10:04.235,2026-09-25
"669","kd36nHicKb","MOOSPMv3Parser",1790334600,4,4,5,7,7,5,5,7,7,5,1054,267,333180,49,35,2,35,35,17,41,35,0,21,18,42,49,26.031,137,1,36.138958,-120.368324,179.270004,7,600,58,3,"e00fce6850cac69f647dc199",2026-09-25 11:10:04.431,2026-09-25 11:10:04.552,2026-09-25 11:10:04.552,2026-09-25
"670","075Zc1NFLu","MOOSPMv3Parser",1790334601,4,4,0,6,6,0,0,7,7,0,904,251,219311,47,0,3,0,0,21,28,0,0,22,23,37,38,31.653,67,3277,6.4e-05,0.002307,13161.265625,9,600,58,3,"e00fce68e28dcbc9a589be10",2026-09-25 11:10:09.707,2026-09-25 11:10:09.985,2026-09-25 11:10:09.985,2026-09-25
"671","ULGoqFflc0","MOOSPMv3Parser",1790335200,5,5,0,8,8,0,0,8,8,0,1373,302,0,49,0,4,0,0,20,35,0,2,21,22,43,44,16.804,149,220,36.187469,-119.822083,12.658,3,600,58,3,"e00fce68e739ecbcf9e91965",2026-09-25 11:20:02.548,2026-09-25 11:20:02.812,2026-09-25 11:20:02.812,2026-09-25
"672","axIadVrKSj","MOOSPMv3Parser",1790335201,0,0,2,1,1,2,2,1,1,2,274,173,63241,29,16,2,16,16,19,42,16,0,18,20,50,45,14.182,147,1,36.198738,-120.104317,81.773003,8,600,58,3,"e00fce686dc2ef0a68fa40b0",2026-09-25 11:20:02.83,2026-09-25 11:20:03.018,2026-09-25 11:20:03.018,2026-09-25
"673","UfY5N8cJqt","MOOSPMv3Parser",1790335201,9,9,5,13,13,6,6,14,14,6,1899,523,284842,81,42,4,42,42,19,52,42,0,19,20,53,52,13.193,178,1,35.949574,-119.049927,115.582001,6,600,58,3,"e00fce6808784ceaf209f949",2026-09-25 11:20:03.08,2026-09-25 11:20:03.267,2026-09-25 11:20:03.267,2026-09-25
"674","0N64anNLMQ","MOOSPMv3Parser",1790335200,10,10,8,15,15,8,8,16,16,8,2240,544,189638,99,60,7,60,60,19,76,60,0,20,20,65,63,1.576,237,1,35.775036,-119.238518,74.470001,10,599,58,3,"e00fce68e88237db75a60608",2026-09-25 11:20:03.144,2026-09-25 11:20:03.301,2026-09-25 11:20:03.301,2026-09-25
"675","59Ggisy9ay","MOOSPMv3Parser",1790335201,4,4,5,7,7,6,6,9,9,6,869,268,230687,52,38,7,39,39,1,0,39,1,20,20,49,49,17.541,72,10,36.433598,-119.923317,21.68,9,599,58,3,"e00fce6876826e255108c6bd",2026-09-25 11:20:03.277,2026-09-25 11:20:03.435,2026-09-25 11:20:03.435,2026-09-25
"676","Qe9b2WGqao","MOOSPMv3Parser",1790335201,22,21,16,31,31,16,16,33,33,16,4015,1136,164639,187,121,8,122,122,17,79,122,0,16,18,85,74,5.054,99,1,36.523399,-119.278893,80.845001,7,599,58,3,"e00fce68f12da1a0c5de6248",2026-09-25 11:20:03.255,2026-09-25 11:20:03.447,2026-09-25 11:20:03.447,2026-09-25
"677","uLFuUvAxAv","MOOSPMv3Parser",1790335201,5,5,9,10,10,9,9,11,11,9,548,431,149508,86,71,10,71,71,20,45,71,0,21,21,57,51,4.031,198,1,35.963112,-119.291817,38.936001,6,600,58,3,"e00fce68d6b773b56ce8baa0",2026-09-25 11:20:04.007,2026-09-25 11:20:04.2,2026-09-25 11:20:04.2,2026-09-25
"678","GcPqA2QG82","MOOSPMv3Parser",1790335200,4,4,5,7,7,5,5,8,8,5,1070,266,333212,45,37,3,37,38,17,40,38,0,21,18,41,49,27.512,143,1,36.138996,-120.368416,168.778,6,600,58,3,"e00fce6850cac69f647dc199",2026-09-25 11:20:04.828,2026-09-25 11:20:04.977,2026-09-25 11:20:04.977,2026-09-25
"679","vJ84IaPgFS","MOOSPMv3Parser",1790335201,4,4,0,6,6,0,0,6,6,0,833,237,219311,39,0,3,0,0,21,27,0,0,22,23,37,38,31.985,43,3277,6.4e-05,0.002307,13161.265625,9,600,58,3,"e00fce68e28dcbc9a589be10",2026-09-25 11:20:10.048,2026-09-25 11:20:10.253,2026-09-25 11:20:10.253,2026-09-25
"680","LMtUHfzRQF","MOOSPMv3Parser",1790335800,5,5,0,8,8,0,0,9,9,0,1427,319,0,55,0,5,0,0,20,35,0,2,21,22,42,44,16.363,145,234,36.1875,-119.822098,16.789,5,600,58,3,"e00fce68e739ecbcf9e91965",2026-09-25 11:30:02.537,2026-09-25 11:30:02.949,2026-09-25 11:30:02.949,2026-09-25
"681","quJg9IbvZI","MOOSPMv3Parser",1790335801,0,0,2,1,1,2,2,1,1,2,248,159,63253,27,14,2,15,15,19,43,15,0,19,20,50,46,15.05,119,1,36.198902,-120.104256,104.052002,6,600,58,3,"e00fce686dc2ef0a68fa40b0",2026-09-25 11:30:03.091,2026-09-25 11:30:03.272,2026-09-25 11:30:03.272,2026-09-25
"682","VFVOqS8Dci","MOOSPMv3Parser",1790335801,22,21,15,31,30,16,16,32,32,16,3927,1106,164470,181,121,8,121,122,17,79,122,0,16,18,84,74,5.188,109,1,36.523399,-119.278893,80.843002,0,600,58,3,"e00fce68f12da1a0c5de6248",2026-09-25 11:30:03.153,2026-09-25 11:30:03.32,2026-09-25 11:30:03.32,2026-09-25
"683","V3IucUDKsr","MOOSPMv3Parser",1790335800,11,11,8,16,16,8,8,16,16,8,2325,565,189692,99,61,5,61,61,19,78,61,0,19,20,66,64,2.354,225,1,35.775066,-119.23851,67.468002,10,599,58,3,"e00fce68e88237db75a60608",2026-09-25 11:30:03.142,2026-09-25 11:30:03.334,2026-09-25 11:30:03.334,2026-09-25
"684","gVo9jpfDJi","MOOSPMv3Parser",1790335801,5,5,6,10,10,9,12,12,12,13,1049,324,230721,74,45,12,48,48,1,1,48,1,19,20,50,49,17.313,72,11,36.433678,-119.923347,29.166,10,599,58,3,"e00fce6876826e255108c6bd",2026-09-25 11:30:03.214,2026-09-25 11:30:03.418,2026-09-25 11:30:03.418,2026-09-25
"685","Z6wCC5pUY5","MOOSPMv3Parser",1790335801,9,9,5,13,13,5,5,14,14,5,1875,511,284875,82,41,4,41,41,18,51,41,0,19,20,53,51,13.046,176,1,35.949352,-119.049713,158.787994,6,600,58,3,"e00fce6808784ceaf209f949",2026-09-25 11:30:03.21,2026-09-25 11:30:03.429,2026-09-25 11:30:03.429,2026-09-25
"686","rE6GqbIpgO","MOOSPMv3Parser",1790335801,4,4,9,10,10,9,9,11,11,9,529,416,149565,88,69,9,69,69,20,46,69,0,21,21,57,51,3.737,199,1,35.963112,-119.291817,38.931999,0,600,58,3,"e00fce68d6b773b56ce8baa0",2026-09-25 11:30:03.291,2026-09-25 11:30:03.483,2026-09-25 11:30:03.483,2026-09-25
"687","FvBD8JixSq","MOOSPMv3Parser",1790335800,5,5,5,7,7,5,5,7,7,5,1080,273,333244,46,36,3,36,36,17,40,36,0,21,18,41,48,30.139,109,2,36.138981,-120.368324,150.654007,8,600,58,3,"e00fce6850cac69f647dc199",2026-09-25 11:30:05.162,2026-09-25 11:30:05.346,2026-09-25 11:30:05.346,2026-09-25
"688","uW4bPW6iVc","MOOSPMv3Parser",1790335801,3,3,0,5,5,0,0,5,5,0,798,225,219311,39,0,2,0,0,21,27,0,0,23,23,36,37,32.194,37,3277,6.4e-05,0.002307,13161.265625,9,600,58,3,"e00fce68e28dcbc9a589be10",2026-09-25 11:30:09.779,2026-09-25 11:30:09.952,2026-09-25 11:30:09.952,2026-09-25
"689","wUSE1KzPmZ","MOOSPMv3Parser",1790336400,5,5,0,8,8,0,0,9,9,0,1439,319,0,52,0,5,0,0,20,34,0,2,21,21,41,43,17.025,141,242,36.187519,-119.822075,33.925999,5,600,58,3,"e00fce68e739ecbcf9e91965",2026-09-25 11:40:02.767,2026-09-25 11:40:02.93,2026-09-25 11:40:02.93,2026-09-25
"690","nh1Tps20QF","MOOSPMv3Parser",1790336400,10,10,8,15,15,8,8,16,16,8,2286,560,189746,106,61,6,61,61,18,79,61,0,19,20,66,64,1.644,224,1,35.77504,-119.238525,73.005997,12,599,58,3,"e00fce68e88237db75a60608",2026-09-25 11:40:03.082,2026-09-25 11:40:03.252,2026-09-25 11:40:03.252,2026-09-25
"691","FMAGYIn6tA","MOOSPMv3Parser",1790336401,22,21,16,31,30,16,16,33,33,16,3988,1128,164576,182,122,9,122,122,17,79,122,0,16,18,86,74,5.375,103,1,36.523323,-119.278854,84.511002,13,600,58,3,"e00fce68f12da1a0c5de6248",2026-09-25 11:40:03.146,2026-09-25 11:40:03.287,2026-09-25 11:40:03.287,2026-09-25
"692","p4QjLihzOB","MOOSPMv3Parser",1790336401,10,10,6,14,14,6,6,15,15,6,1956,543,284912,88,45,5,45,45,18,53,45,0,19,20,54,52,11.172,187,1,35.949677,-119.049774,138.007996,7,600,58,3,"e00fce6808784ceaf209f949",2026-09-25 11:40:03.149,2026-09-25 11:40:03.289,2026-09-25 11:40:03.289,2026-09-25
"693","DGdP3nj2Fk","MOOSPMv3Parser",1790336401,4,4,5,8,8,5,6,9,9,6,952,292,230753,51,35,6,36,36,0,0,36,1,19,20,50,49,16.145,72,8,36.433659,-119.923355,28.011,11,599,58,3,"e00fce6876826e255108c6bd",2026-09-25 11:40:03.224,2026-09-25 11:40:03.381,2026-09-25 11:40:03.381,2026-09-25
"694","IdKiSLxE8i","MOOSPMv3Parser",1790336401,0,0,2,1,1,2,2,1,1,2,237,145,63265,22,13,2,13,13,19,43,13,0,18,20,49,46,15.443,115,1,36.198826,-120.104477,64.674004,6,600,58,3,"e00fce686dc2ef0a68fa40b0",2026-09-25 11:40:03.417,2026-09-25 11:40:03.557,2026-09-25 11:40:03.557,2026-09-25
"695","2VjfKsd04R","MOOSPMv3Parser",1790336401,4,4,11,11,11,13,15,14,14,16,535,420,149631,93,81,14,84,84,20,46,84,1,21,21,57,52,5.589,195,1,35.963043,-119.29184,38.317001,6,600,58,3,"e00fce68d6b773b56ce8baa0",2026-09-25 11:40:03.605,2026-09-25 11:40:03.794,2026-09-25 11:40:03.794,2026-09-25
"696","4Efzgz2Crx","MOOSPMv3Parser",1790336400,5,5,5,7,7,5,5,7,7,5,1054,264,333276,45,36,2,37,37,17,41,37,0,21,18,42,50,26.428,133,2,36.13895,-120.368317,159.541,5,600,58,3,"e00fce6850cac69f647dc199",2026-09-25 11:40:04.251,2026-09-25 11:40:04.479,2026-09-25 11:40:04.479,2026-09-25
"697","VMm0G5o9el","MOOSPMv3Parser",1790336401,3,3,0,5,5,0,0,5,5,0,741,212,219311,33,0,2,0,0,21,27,0,0,22,23,36,37,32.278,35,3277,6.4e-05,0.002307,13161.265625,9,600,58,3,"e00fce68e28dcbc9a589be10",2026-09-25 11:40:09.708,2026-09-25 11:40:09.909,2026-09-25 11:40:09.909,2026-09-25
"698","UktB83AMI8","MOOSPMv3Parser",1790337000,6,6,0,9,9,0,0,10,10,0,1566,349,0,56,0,5,0,0,20,34,0,2,21,21,42,43,16.011,145,217,36.187557,-119.821945,45.985001,5,600,58,3,"e00fce68e739ecbcf9e91965",2026-09-25 11:50:02.361,2026-09-25 11:50:02.637,2026-09-25 11:50:02.637,2026-09-25
"699","8PyWC4l7CG","MOOSPMv3Parser",1790337000,11,11,8,16,16,8,8,16,16,8,2329,570,189800,103,62,5,62,62,18,79,62,0,19,20,65,64,0.318,225,1,35.775101,-119.23851,60.855,11,599,58,3,"e00fce68e88237db75a60608",2026-09-25 11:50:03.068,2026-09-25 11:50:03.316,2026-09-25 11:50:03.316,2026-09-25
"700","tDvX76mYSV","MOOSPMv3Parser",1790337001,11,11,6,16,16,7,7,16,16,7,2102,585,284957,98,50,6,50,50,18,56,50,0,19,20,56,55,10.283,197,1,35.949677,-119.049774,138.007996,0,600,58,3,"e00fce6808784ceaf209f949",2026-09-25 11:50:03.138,2026-09-25 11:50:03.358,2026-09-25 11:50:03.358,2026-09-25
"701","6GFsHK3QcI","MOOSPMv3Parser",1790337001,23,22,16,33,32,17,17,35,35,17,4210,1197,164962,200,127,9,128,128,17,79,128,0,17,18,82,74,6.251,120,1,36.523357,-119.278839,73.144997,7,599,58,3,"e00fce68f12da1a0c5de6248",2026-09-25 11:50:03.223,2026-09-25 11:50:03.385,2026-09-25 11:50:03.385,2026-09-25
"702","pBRpGs529D","MOOSPMv3Parser",1790337001,4,4,4,7,7,4,4,8,8,4,895,273,230400,48,32,5,33,33,0,0,33,0,19,20,50,49,16.207,73,6,36.433598,-119.923325,11.167,9,600,58,3,"e00fce6876826e255108c6bd",2026-09-25 11:50:03.298,2026-09-25 11:50:03.505,2026-09-25 11:50:03.505,2026-09-25
"703","YC832YYyVu","MOOSPMv3Parser",1790337001,5,5,9,11,11,10,10,14,14,10,558,442,149691,90,73,11,73,73,19,47,73,0,21,21,57,53,6.297,185,1,35.963211,-119.291786,50.894001,8,600,58,3,"e00fce68d6b773b56ce8baa0",2026-09-25 11:50:03.46,2026-09-25 11:50:03.664,2026-09-25 11:50:03.664,2026-09-25
"704","ECxFWGNI4g","MOOSPMv3Parser",1790337001,0,0,2,0,0,2,2,0,0,2,213,125,63275,19,13,2,13,13,19,42,13,1,19,20,46,45,17.559,79,2,36.198826,-120.104477,64.670998,0,600,58,3,"e00fce686dc2ef0a68fa40b0",2026-09-25 11:50:03.827,2026-09-25 11:50:03.991,2026-09-25 11:50:03.991,2026-09-25
"705","P1WSEJ19wU","MOOSPMv3Parser",1790337000,4,4,5,7,7,5,5,7,7,5,1028,259,333308,46,36,3,36,36,17,43,36,0,20,18,43,51,26.118,131,2,36.139,-120.368362,182.686996,8,600,58,3,"e00fce6850cac69f647dc199",2026-09-25 11:50:04.662,2026-09-25 11:50:04.845,2026-09-25 11:50:04.845,2026-09-25
"706","EJWsUKsrqQ","MOOSPMv3Parser",1790337001,3,3,0,5,5,0,0,5,5,0,748,212,219311,38,0,3,0,0,21,27,0,0,22,23,37,38,31.829,34,3277,6.4e-05,0.002307,13161.265625,9,600,58,3,"e00fce68e28dcbc9a589be10",2026-09-25 11:50:09.865,2026-09-25 11:50:10.023,2026-09-25 11:50:10.023,2026-09-25
"707","vWloEFtiMx","MOOSPMv3Parser",1790337600,5,5,0,9,9,0,0,10,10,0,1484,325,0,60,0,6,0,0,20,35,0,2,20,21,44,44,6.101,208,17,36.187473,-119.822174,17.096001,5,600,58,3,"e00fce68e739ecbcf9e91965",2026-09-25 12:00:02.361,2026-09-25 12:00:02.667,2026-09-25 12:00:02.667,2026-09-25
"708","WlWTOOO82p","MOOSPMv3Parser",1790337601,0,0,2,0,0,2,2,0,0,2,217,127,63286,19,12,2,12,12,19,42,12,1,19,20,46,45,17.785,64,2,36.198776,-120.104416,80.487999,6,600,58,3,"e00fce686dc2ef0a68fa40b0",2026-09-25 12:00:02.837,2026-09-25 12:00:03.384,2026-09-25 12:00:03.384,2026-09-25
"709","3uUouDDWgj","MOOSPMv3Parser",1790337600,11,11,8,16,16,9,9,16,16,9,2323,569,189856,101,64,5,64,64,18,78,64,0,20,20,64,64,0.039,223,1,35.775024,-119.238518,60.662998,11,599,58,3,"e00fce68e88237db75a60608",2026-09-25 12:00:03.066,2026-09-25 12:00:03.554,2026-09-25 12:00:03.554,2026-09-25
"710","sOYSkXwah3","MOOSPMv3Parser",1790337601,4,4,4,6,6,4,4,7,7,4,802,247,230428,41,30,4,30,30,0,0,30,0,19,20,50,49,16.09,73,6,36.433594,-119.923378,23.076,11,600,58,3,"e00fce6876826e255108c6bd",2026-09-25 12:00:03.286,2026-09-25 12:00:03.722,2026-09-25 12:00:03.722,2026-09-25
"711","cnw6RFmbLJ","MOOSPMv3Parser",1790337601,5,5,9,10,10,10,10,12,12,10,542,426,149753,86,73,9,74,74,19,47,74,0,21,20,57,54,6.139,187,1,35.963177,-119.291626,46.903999,6,600,58,3,"e00fce68d6b773b56ce8baa0",2026-09-25 12:00:03.468,2026-09-25 12:00:03.865,2026-09-25 12:00:03.865,2026-09-25
"712","ynrzGaVvoN","MOOSPMv3Parser",1790337601,11,11,7,17,17,7,7,17,17,7,2198,604,285004,104,52,6,52,52,18,55,52,0,19,20,55,53,8.688,205,1,35.949406,-119.049927,89.892998,7,600,58,3,"e00fce6808784ceaf209f949",2026-09-25 12:00:03.32,2026-09-25 12:00:04.013,2026-09-25 12:00:04.013,2026-09-25
"713","BL5RCq9Acb","MOOSPMv3Parser",1790337601,23,22,16,33,31,17,17,34,34,17,4162,1178,165074,191,127,9,127,127,17,79,127,0,17,18,80,74,6.779,135,1,36.523342,-119.278824,94.581001,9,599,58,3,"e00fce68f12da1a0c5de6248",2026-09-25 12:00:03.218,2026-09-25 12:00:04.036,2026-09-25 12:00:04.036,2026-09-25
"714","dbbCbJwumd","MOOSPMv3Parser",1790337600,5,5,5,7,7,5,5,7,7,5,1092,269,333340,45,37,3,37,37,17,42,37,0,20,18,42,50,25.308,159,2,36.139,-120.368362,182.688004,0,600,58,3,"e00fce6850cac69f647dc199",2026-09-25 12:00:04.664,2026-09-25 12:00:04.971,2026-09-25 12:00:04.971,2026-09-25
"715","NAF4DlJHfI","MOOSPMv3Parser",1790337601,3,3,0,5,5,0,0,5,5,0,689,196,219311,38,0,3,0,0,21,26,0,0,22,23,36,37,32.08,34,3277,6.4e-05,0.002307,13161.265625,9,600,58,3,"e00fce68e28dcbc9a589be10",2026-09-25 12:00:09.948,2026-09-25 12:00:10.13,2026-09-25 12:00:10.13,2026-09-25
"716","kRwUdNZe7G","MOOSPMv3Parser",1790338200,3,3,2,4,4,2,2,4,4,2,1367,189,85425,24,17,2,17,17,19,34,17,0,20,20,41,43,34.169,16,9,36.503025,-120.32531,48.700001,5,600,58,3,"e00fce68e77e43df92405fdb",2026-09-25 12:10:02.445,2026-09-25 12:10:02.62,2026-09-25 12:10:02.62,2026-09-25
"717","78jBJhbvk1","MOOSPMv3Parser",1790338200,5,5,0,7,7,0,0,8,8,0,1311,288,0,48,0,3,0,0,20,35,0,2,20,21,45,44,9.131,184,16,36.187393,-119.822029,15.288,5,600,58,3,"e00fce68e739ecbcf9e91965",2026-09-25 12:10:02.609,2026-09-25 12:10:02.799,2026-09-25 12:10:02.799,2026-09-25
"718","r58KlX7p6L","MOOSPMv3Parser",1790338201,12,12,7,17,17,7,7,18,18,7,2239,618,285052,107,52,6,52,52,18,58,52,0,19,19,58,55,7.222,222,1,35.949432,-119.050003,99.264999,9,600,58,3,"e00fce6808784ceaf209f949",2026-09-25 12:10:03.151,2026-09-25 12:10:03.322,2026-09-25 12:10:03.322,2026-09-25
"719","5Me3SRC5EG","MOOSPMv3Parser",1790338200,10,10,8,15,15,8,8,15,15,8,2213,532,189909,95,61,7,61,61,18,77,61,0,20,20,61,63,0.781,217,1,35.775078,-119.238518,77.337997,11,599,58,3,"e00fce68e88237db75a60608",2026-09-25 12:10:03.147,2026-09-25 12:10:03.339,2026-09-25 12:10:03.339,2026-09-25
"720","Di3g4YWfk8","MOOSPMv3Parser",1790338201,0,0,2,0,0,2,2,0,0,2,226,136,63297,21,14,2,14,14,19,42,14,1,19,20,48,46,17.309,85,2,36.198822,-120.104431,73.031998,11,600,58,3,"e00fce686dc2ef0a68fa40b0",2026-09-25 12:10:03.163,2026-09-25 12:10:03.343,2026-09-25 12:10:03.343,2026-09-25
"721","q5rjRAFCGd","MOOSPMv3Parser",1790338201,4,4,4,6,6,4,5,8,8,5,864,263,230458,45,33,4,33,33,0,0,33,0,18,19,52,50,14.378,73,4,36.433601,-119.923355,30.684999,10,600,58,3,"e00fce6876826e255108c6bd",2026-09-25 12:10:03.431,2026-09-25 12:10:03.625,2026-09-25 12:10:03.625,2026-09-25
"722","rui0VXRzId","MOOSPMv3Parser",1790338201,5,5,9,12,12,10,10,14,14,10,555,435,149814,89,72,11,73,73,19,47,73,0,21,20,57,55,5.185,187,1,35.963089,-119.291801,52.536999,7,600,58,3,"e00fce68d6b773b56ce8baa0",2026-09-25 12:10:03.469,2026-09-25 12:10:03.635,2026-09-25 12:10:03.635,2026-09-25
"723","i1ezVhdDeT","MOOSPMv3Parser",1790338200,4,4,5,7,7,5,5,7,7,5,1089,273,333372,50,37,3,37,37,17,42,37,0,20,18,42,50,23.197,178,1,36.139008,-120.368332,185.798996,9,600,58,3,"e00fce6850cac69f647dc199",2026-09-25 12:10:05.144,2026-09-25 12:10:05.289,2026-09-25 12:10:05.289,2026-09-25
"724","AQFfGR5mfe","MOOSPMv3Parser",1790338201,25,22,17,35,33,18,18,37,37,18,4455,1261,165193,213,136,10,137,137,17,78,137,0,17,18,78,74,5.119,147,1,36.523361,-119.278938,103.125,7,599,58,3,"e00fce68f12da1a0c5de6248",2026-09-25 12:10:09.565,2026-09-25 12:10:09.75,2026-09-25 12:10:09.75,2026-09-25
"725","oD3VDU9gfS","MOOSPMv3Parser",1790338201,3,3,0,4,4,0,0,4,4,0,652,184,219311,31,0,2,0,0,21,26,0,0,22,23,36,37,32.195,27,3277,6.4e-05,0.002307,13161.265625,9,600,58,3,"e00fce68e28dcbc9a589be10",2026-09-25 12:10:09.927,2026-09-25 12:10:10.114,2026-09-25 12:10:10.114,2026-09-25
"726","jjw1dzqIbj","MOOSPMv3Parser",1790338800,5,5,0,7,7,0,0,8,8,0,1302,290,0,49,0,5,0,0,20,36,0,2,20,21,45,45,12.068,168,43,36.18742,-119.822083,10.717,10,600,58,3,"e00fce68e739ecbcf9e91965",2026-09-25 12:20:02.536,2026-09-25 12:20:02.783,2026-09-25 12:20:02.783,2026-09-25
"727","lkYQGz4juY","MOOSPMv3Parser",1790338801,12,12,7,18,18,7,7,18,18,7,2346,643,285100,113,55,5,55,55,18,61,55,0,18,19,60,57,8.173,207,1,35.949593,-119.049919,117.559998,11,600,58,3,"e00fce6808784ceaf209f949",2026-09-25 12:20:03.118,2026-09-25 12:20:03.291,2026-09-25 12:20:03.291,2026-09-25
"728","xVFTtQWio7","MOOSPMv3Parser",1790338800,10,10,8,15,15,8,8,15,15,8,2235,542,189963,96,61,6,61,61,18,77,61,0,20,19,62,63,0.547,212,1,35.775055,-119.238518,63.785,11,599,58,3,"e00fce68e88237db75a60608",2026-09-25 12:20:03.15,2026-09-25 12:20:03.344,2026-09-25 12:20:03.344,2026-09-25
"729","FPvJ2kkhma","MOOSPMv3Parser",1790338801,25,23,19,36,34,20,20,38,38,20,4547,1290,165323,212,148,11,149,149,17,78,149,0,18,18,78,74,1.604,188,1,36.523697,-119.279121,141.542999,6,599,58,3,"e00fce68f12da1a0c5de6248",2026-09-25 12:20:03.224,2026-09-25 12:20:03.413,2026-09-25 12:20:03.413,2026-09-25
"730","osJdIwNzcA","MOOSPMv3Parser",1790338801,4,4,9,10,10,9,9,11,11,9,525,413,149870,82,68,9,68,68,19,47,68,0,21,20,57,54,5.895,187,1,35.96312,-119.291809,47.576,5,600,58,3,"e00fce68d6b773b56ce8baa0",2026-09-25 12:20:03.462,2026-09-25 12:20:03.637,2026-09-25 12:20:03.637,2026-09-25
"731","F5KZQJmSKH","MOOSPMv3Parser",1790338801,5,5,5,8,8,5,5,9,9,5,999,305,230490,56,38,6,38,38,0,0,38,0,18,19,52,51,14.414,73,3,36.433681,-119.923347,40.681999,9,600,58,3,"e00fce6876826e255108c6bd",2026-09-25 12:20:03.527,2026-09-25 12:20:03.68,2026-09-25 12:20:03.68,2026-09-25
"732","dCFEmW9f2n","MOOSPMv3Parser",1790338801,0,0,2,0,0,2,2,0,0,2,227,137,63307,21,12,2,12,12,19,42,12,1,19,20,47,45,16.583,75,2,36.198849,-120.104538,73.845001,8,600,58,3,"e00fce686dc2ef0a68fa40b0",2026-09-25 12:20:03.577,2026-09-25 12:20:03.762,2026-09-25 12:20:03.762,2026-09-25
"733","YFk3rCuQZD","MOOSPMv3Parser",1790338800,5,5,5,7,7,5,5,7,7,5,1094,272,333404,47,40,3,40,40,17,46,40,0,20,18,46,54,22.585,165,1,36.139004,-120.368301,170.962006,8,600,58,3,"e00fce6850cac69f647dc199",2026-09-25 12:20:04.114,2026-09-25 12:20:04.26,2026-09-25 12:20:04.26,2026-09-25
"734","dD87YYSgqY","MOOSPMv3Parser",1790338800,2,2,2,4,4,2,2,4,4,2,1324,184,85440,23,18,1,18,18,19,34,18,0,21,20,40,43,34.955,19,9,36.503025,-120.32531,48.698002,0,600,58,3,"e00fce68e77e43df92405fdb",2026-09-25 12:20:07.565,2026-09-25 12:20:07.743,2026-09-25 12:20:07.743,2026-09-25
"735","1xP6iMHc7A","MOOSPMv3Parser",1790338801,3,3,0,4,4,0,0,4,4,0,644,180,219311,28,0,2,0,0,21,26,0,0,22,23,36,37,32.496,24,3277,6.4e-05,0.002307,13161.265625,9,600,58,3,"e00fce68e28dcbc9a589be10",2026-09-25 12:20:09.795,2026-09-25 12:20:09.971,2026-09-25 12:20:09.971,2026-09-25
"736","Uxe9SaGlZ1","MOOSPMv3Parser",1790339400,5,5,0,7,7,0,0,8,8,0,1288,284,0,51,0,4,0,0,19,36,0,2,20,21,45,45,13.331,158,84,36.18742,-119.822083,10.718,0,600,58,3,"e00fce68e739ecbcf9e91965",2026-09-25 12:30:02.768,2026-09-25 12:30:03.009,2026-09-25 12:30:03.009,2026-09-25
"737","ESABBx5gpz","MOOSPMv3Parser",1790339400,10,10,8,15,15,8,8,15,15,8,2190,530,190015,92,60,6,61,61,18,77,61,0,19,19,63,63,0.011,218,1,35.775043,-119.238541,68.206001,10,599,58,3,"e00fce68e88237db75a60608",2026-09-25 12:30:03.149,2026-09-25 12:30:03.297,2026-09-25 12:30:03.297,2026-09-25
"738","2JYWpteO5U","MOOSPMv3Parser",1790339401,25,23,18,35,33,19,19,37,37,19,4423,1260,165449,211,144,11,145,145,17,79,145,0,17,18,81,74,0.898,205,1,36.523426,-119.279037,82.875999,5,599,58,3,"e00fce68f12da1a0c5de6248",2026-09-25 12:30:03.16,2026-09-25 12:30:03.323,2026-09-25 12:30:03.323,2026-09-25
"739","B3m6fvK9AE","MOOSPMv3Parser",1790339401,14,14,8,21,21,9,9,22,22,9,2657,736,285155,126,64,9,64,64,18,63,64,0,18,19,61,58,6.597,208,1,35.949554,-119.049934,109.724998,9,600,58,3,"e00fce6808784ceaf209f949",2026-09-25 12:30:03.165,2026-09-25 12:30:03.33,2026-09-25 12:30:03.33,2026-09-25
"740","Chs31HXRQO","MOOSPMv3Parser",1790339401,4,4,4,7,7,5,5,8,8,5,851,263,230522,47,34,5,35,35,0,0,35,0,18,19,51,50,14.473,73,3,36.433681,-119.923347,40.682999,0,600,58,3,"e00fce6876826e255108c6bd",2026-09-25 12:30:03.295,2026-09-25 12:30:03.449,2026-09-25 12:30:03.449,2026-09-25
"741","wZBQiBpUEx","MOOSPMv3Parser",1790339401,4,4,9,9,9,9,9,9,9,9,514,399,149926,81,67,8,67,67,19,46,67,0,21,20,57,53,5.576,184,1,35.96312,-119.291832,41.316002,9,600,58,3,"e00fce68d6b773b56ce8baa0",2026-09-25 12:30:03.378,2026-09-25 12:30:03.534,2026-09-25 12:30:03.534,2026-09-25
"742","2LFyyvvwBV","MOOSPMv3Parser",1790339401,0,0,2,0,0,2,2,0,0,2,223,131,63317,21,13,2,13,13,19,41,13,1,19,20,46,45,17.337,63,2,36.198841,-120.104416,71.628998,10,600,58,3,"e00fce686dc2ef0a68fa40b0",2026-09-25 12:30:03.808,2026-09-25 12:30:03.983,2026-09-25 12:30:03.983,2026-09-25
"743","1hXo0grlYr","MOOSPMv3Parser",1790339400,5,5,5,7,7,5,5,8,8,5,1058,267,333436,48,37,3,37,37,16,42,37,0,20,18,42,50,23.902,150,1,36.13903,-120.36834,178.884003,8,600,58,3,"e00fce6850cac69f647dc199",2026-09-25 12:30:04.424,2026-09-25 12:30:04.617,2026-09-25 12:30:04.617,2026-09-25
"744","ilogNAfaOw","MOOSPMv3Parser",1790339401,3,3,0,5,5,0,0,5,5,0,669,189,219311,32,0,3,0,0,21,26,0,0,22,23,36,36,32.485,23,3277,6.4e-05,0.002307,13161.265625,9,600,58,3,"e00fce68e28dcbc9a589be10",2026-09-25 12:30:09.861,2026-09-25 12:30:09.998,2026-09-25 12:30:09.998,2026-09-25
"745","WdG1XiqKy5","MOOSPMv3Parser",1790340000,5,5,0,7,7,0,0,7,7,0,1257,274,0,46,0,4,0,0,19,36,0,2,20,20,44,45,8.74,167,46,36.187439,-119.822006,20.792999,10,600,58,3,"e00fce68e739ecbcf9e91965",2026-09-25 12:40:02.538,2026-09-25 12:40:02.874,2026-09-25 12:40:02.874,2026-09-25
"746","GZNHbeC4YR","MOOSPMv3Parser",1790340001,0,0,1,0,0,2,2,0,0,2,206,116,63326,17,11,1,11,11,19,41,11,1,19,20,45,44,18.227,41,2,36.19883,-120.104408,72.374001,10,600,58,3,"e00fce686dc2ef0a68fa40b0",2026-09-25 12:40:03.005,2026-09-25 12:40:03.259,2026-09-25 12:40:03.259,2026-09-25
"747","2wJgEpH4II","MOOSPMv3Parser",1790340001,14,14,9,21,21,9,9,22,22,9,2720,756,285218,132,70,7,71,71,18,63,71,0,18,19,60,58,6.832,210,1,35.949543,-119.049965,113.588997,10,600,58,3,"e00fce6808784ceaf209f949",2026-09-25 12:40:03.135,2026-09-25 12:40:03.312,2026-09-25 12:40:03.312,2026-09-25
"748","vfOHSKuF04","MOOSPMv3Parser",1790340000,10,10,8,15,15,9,9,15,15,9,2219,539,190072,97,64,5,64,64,18,78,64,0,19,19,64,64,0.009,230,1,35.775124,-119.238426,60.779999,8,599,58,3,"e00fce68e88237db75a60608",2026-09-25 12:40:03.163,2026-09-25 12:40:03.341,2026-09-25 12:40:03.341,2026-09-25
"749","mdEInTGUO3","MOOSPMv3Parser",1790340001,26,23,20,37,34,21,21,39,39,21,4703,1330,165310,225,156,11,157,157,17,78,157,0,17,18,80,73,0.682,196,1,36.523319,-119.278763,78.144997,5,600,58,3,"e00fce68f12da1a0c5de6248",2026-09-25 12:40:03.255,2026-09-25 12:40:03.413,2026-09-25 12:40:03.413,2026-09-25
"750","qC9E4NyOgb","MOOSPMv3Parser",1790340001,4,4,4,6,6,4,4,7,7,4,803,246,230938,44,32,5,32,32,0,0,32,0,19,19,47,48,14.242,73,3,36.433624,-119.923347,37.905998,12,599,58,3,"e00fce6876826e255108c6bd",2026-09-25 12:40:03.374,2026-09-25 12:40:03.643,2026-09-25 12:40:03.643,2026-09-25
"751","x4aaMiIWhP","MOOSPMv3Parser",1790340001,4,4,9,9,9,9,9,10,10,9,503,392,149982,79,67,10,67,67,18,46,67,0,21,20,57,52,4.346,185,1,35.963188,-119.291901,54.321999,9,600,58,3,"e00fce68d6b773b56ce8baa0",2026-09-25 12:40:03.688,2026-09-25 12:40:03.84,2026-09-25 12:40:03.84,2026-09-25
"752","RBsHmj10ca","MOOSPMv3Parser",1790340000,5,5,5,7,7,5,5,8,8,5,1080,273,333468,49,36,3,36,36,16,41,36,0,20,17,41,49,24.857,128,1,36.138969,-120.368301,175.938995,6,600,58,3,"e00fce6850cac69f647dc199",2026-09-25 12:40:04.724,2026-09-25 12:40:04.91,2026-09-25 12:40:04.91,2026-09-25
"753","OAXDFOcvT3","MOOSPMv3Parser",1790340000,2,2,2,4,4,2,2,4,4,2,1338,181,85470,25,17,2,17,17,-10,-10,17,0,20,20,41,44,35.186,16,9,36.503178,-120.325386,57.410999,10,600,58,3,"e00fce68e77e43df92405fdb",2026-09-25 12:40:07.573,2026-09-25 12:40:07.76,2026-09-25 12:40:07.76,2026-09-25
"754","jbME4YRQyy","MOOSPMv3Parser",1790340001,2,2,0,4,4,0,0,4,4,0,620,174,219311,29,0,1,0,0,21,26,0,0,22,23,35,36,32.639,23,3277,6.4e-05,0.002307,13161.265625,9,600,58,3,"e00fce68e28dcbc9a589be10",2026-09-25 12:40:09.871,2026-09-25 12:40:10.059,2026-09-25 12:40:10.059,2026-09-25
"755","WqszgnqskO","MOOSPMv3Parser",1790340600,3,3,2,4,4,3,3,4,4,3,1314,185,85486,26,18,1,19,19,19,34,19,0,20,20,40,44,35.338,17,9,36.503128,-120.325417,68.806,8,600,58,3,"e00fce68e77e43df92405fdb",2026-09-25 12:50:02.518,2026-09-25 12:50:02.701,2026-09-25 12:50:02.701,2026-09-25
"756","JRpFGPfCht","MOOSPMv3Parser",1790340600,4,4,0,7,7,0,0,7,7,0,1159,245,0,44,0,6,0,0,19,36,0,2,20,20,43,45,3.035,189,3,36.187469,-119.822075,23.056,10,600,58,3,"e00fce68e739ecbcf9e91965",2026-09-25 12:50:02.606,2026-09-25 12:50:02.861,2026-09-25 12:50:02.861,2026-09-25
"757","UQ4P0Ox7vy","MOOSPMv3Parser",1790340600,10,10,8,16,16,9,9,16,16,9,2284,557,189811,100,64,7,65,65,18,79,65,0,19,19,64,64,0.016,244,1,35.775124,-119.238426,60.778,0,600,58,3,"e00fce68e88237db75a60608",2026-09-25 12:50:03.068,2026-09-25 12:50:03.306,2026-09-25 12:50:03.306,2026-09-25
"758","Beo9CbCTni","MOOSPMv3Parser",1790340601,15,15,9,22,22,9,9,23,23,9,2827,783,285279,136,69,9,69,69,18,64,69,0,18,19,61,59,6.519,209,1,35.9496,-119.049911,120.399002,10,600,58,3,"e00fce6808784ceaf209f949",2026-09-25 12:50:03.175,2026-09-25 12:50:03.405,2026-09-25 12:50:03.405,2026-09-25
"759","6gHByOgyGT","MOOSPMv3Parser",1790340601,0,0,2,0,0,2,3,0,0,3,221,129,63339,21,16,2,17,17,19,41,17,1,19,20,46,44,18.188,43,3,36.198734,-120.104385,74.253998,10,600,58,3,"e00fce686dc2ef0a68fa40b0",2026-09-25 12:50:03.297,2026-09-25 12:50:03.459,2026-09-25 12:50:03.459,2026-09-25
"760","pQmgc2dMA4","MOOSPMv3Parser",1790340601,4,4,9,9,9,9,9,10,10,9,501,386,150038,80,67,9,67,67,18,46,67,0,21,20,57,53,3.516,185,1,35.963158,-119.291817,33.375,9,600,58,3,"e00fce68d6b773b56ce8baa0",2026-09-25 12:50:03.303,2026-09-25 12:50:03.483,2026-09-25 12:50:03.483,2026-09-25
"761","p0owvMSuJG","MOOSPMv3Parser",1790340601,4,4,4,6,6,4,4,8,8,4,805,248,230582,43,30,6,30,30,0,0,30,1,19,19,45,48,15.96,74,6,36.433552,-119.923309,22.809999,13,600,58,3,"e00fce6876826e255108c6bd",2026-09-25 12:50:03.369,2026-09-25 12:50:03.501,2026-09-25 12:50:03.501,2026-09-25
"762","tfWMP5ACmB","MOOSPMv3Parser",1790340601,27,24,20,39,35,21,21,41,41,21,4801,1369,165721,236,154,13,155,155,17,78,155,0,17,18,80,73,0.703,216,1,36.523342,-119.278725,81.050003,7,599,58,3,"e00fce68f12da1a0c5de6248",2026-09-25 12:50:03.366,2026-09-25 12:50:03.529,2026-09-25 12:50:03.529,2026-09-25
"763","jvvl9kanDr","MOOSPMv3Parser",1790340600,4,4,4,6,6,5,5,7,7,5,1035,254,333500,43,35,3,35,35,16,40,35,0,20,17,41,48,27.644,109,1,36.13903,-120.368317,169.602005,7,600,58,3,"e00fce6850cac69f647dc199",2026-09-25 12:50:05.062,2026-09-25 12:50:05.245,2026-09-25 12:50:05.245,2026-09-25
"764","5BQp9z0lal","MOOSPMv3Parser",1790340601,2,2,0,4,4,0,0,4,4,0,579,163,219311,28,0,2,0,0,21,26,0,0,22,22,36,36,32.83,19,3277,6.4e-05,0.002307,13161.265625,9,600,58,3,"e00fce68e28dcbc9a589be10",2026-09-25 12:50:09.871,2026-09-25 12:50:10.052,2026-09-25 12:50:10.052,2026-09-25
"765","Kyp8FNZH42","MOOSPMv3Parser",1790341200,4,4,0,6,6,0,0,7,7,0,1080,227,0,44,0,4,0,0,19,35,0,2,20,20,42,44,7.322,155,8,36.187447,-119.821976,19.423,10,600,58,3,"e00fce68e739ecbcf9e91965",2026-09-25 13:00:02.538,2026-09-25 13:00:03.072,2026-09-25 13:00:03.072,2026-09-25
"766","zGyAE9xr8C","MOOSPMv3Parser",1790341201,15,15,9,22,22,9,9,23,23,9,2853,790,285339,136,68,8,68,68,17,64,68,0,18,19,61,59,5.713,211,1,35.949589,-119.04998,102.614998,8,600,58,3,"e00fce6808784ceaf209f949",2026-09-25 13:00:03.138,2026-09-25 13:00:03.533,2026-09-25 13:00:03.533,2026-09-25
"767","Tyd0ibm9Ok","MOOSPMv3Parser",1790341200,2,2,2,3,3,2,2,4,4,2,1277,177,85500,25,17,1,17,17,19,35,17,0,20,20,42,44,35.292,16,10,36.503113,-120.325348,52.866001,11,600,58,3,"e00fce68e77e43df92405fdb",2026-09-25 13:00:03.002,2026-09-25 13:00:03.625,2026-09-25 13:00:03.625,2026-09-25
"768","B0qEI25YLE","MOOSPMv3Parser",1790341201,0,0,2,0,0,3,3,0,0,4,220,127,63354,19,18,2,19,19,19,40,19,1,19,20,45,43,19.121,39,3,36.19883,-120.104462,73.108002,7,600,58,3,"e00fce686dc2ef0a68fa40b0",2026-09-25 13:00:03.48,2026-09-25 13:00:03.789,2026-09-25 13:00:03.789,2026-09-25
"769","3WmdePyOKS","MOOSPMv3Parser",1790341201,26,23,20,38,34,21,21,40,40,21,4677,1336,165856,229,154,11,154,154,17,78,154,0,17,18,81,73,1.632,199,1,36.523315,-119.278847,81.135002,8,599,58,3,"e00fce68f12da1a0c5de6248",2026-09-25 13:00:03.391,2026-09-25 13:00:03.809,2026-09-25 13:00:03.809,2026-09-25
"770","iJDDjcRnb6","MOOSPMv3Parser",1790341200,10,10,8,16,16,9,9,16,16,9,2278,552,190185,103,64,8,64,64,18,80,64,0,19,19,64,65,0.012,244,1,35.775002,-119.238571,65.369003,8,599,58,3,"e00fce68e88237db75a60608",2026-09-25 13:00:03.13,2026-09-25 13:00:03.892,2026-09-25 13:00:03.892,2026-09-25
"771","jm3joYFpZn","MOOSPMv3Parser",1790341201,4,4,4,6,6,4,4,7,7,4,808,250,230613,46,32,4,32,32,0,0,32,0,19,19,47,48,16.952,74,11,36.433609,-119.92334,18.184,10,600,58,3,"e00fce6876826e255108c6bd",2026-09-25 13:00:03.511,2026-09-25 13:00:04.241,2026-09-25 13:00:04.241,2026-09-25
"772","zS9I4hgWhU","MOOSPMv3Parser",1790341201,4,4,8,7,7,9,9,8,8,9,485,369,150092,71,64,8,64,64,18,48,64,0,21,19,57,55,4.608,186,1,35.963104,-119.291817,56.095001,9,600,58,3,"e00fce68d6b773b56ce8baa0",2026-09-25 13:00:03.943,2026-09-25 13:00:04.258,2026-09-25 13:00:04.258,2026-09-25
"773","cE0p70EMmY","MOOSPMv3Parser",1790341200,4,4,4,7,7,4,4,7,7,4,1059,264,333531,43,33,3,33,33,16,40,33,0,19,17,41,49,26.017,107,2,36.138996,-120.368401,168.604004,6,600,58,3,"e00fce6850cac69f647dc199",2026-09-25 13:00:04.181,2026-09-25 13:00:04.375,2026-09-25 13:00:04.375,2026-09-25
"774","FPks1beRpj","MOOSPMv3Parser",1790341201,2,2,0,4,4,0,0,4,4,0,583,163,219311,28,0,2,0,0,21,26,0,0,22,22,36,37,32.142,19,3277,6.4e-05,0.002307,13161.265625,9,600,58,3,"e00fce68e28dcbc9a589be10",2026-09-25 13:00:09.87,2026-09-25 13:00:10.025,2026-09-25 13:00:10.025,2026-09-25
"775","gNpMIvcj4j","MOOSPMv3Parser",1790341800,2,2,2,3,3,2,2,3,3,2,1264,167,85513,20,15,1,15,15,19,36,15,0,20,20,44,45,34.492,17,9,36.503117,-120.325394,40.959999,11,600,58,3,"e00fce68e77e43df92405fdb",2026-09-25 13:10:02.433,2026-09-25 13:10:02.624,2026-09-25 13:10:02.624,2026-09-25
"776","HPpyjqsLCr","MOOSPMv3Parser",1790341800,3,3,0,5,5,0,0,6,6,0,981,205,0,36,0,4,0,0,19,34,0,2,20,20,42,43,14.222,103,103,36.187447,-119.82206,25.059,8,600,58,3,"e00fce68e739ecbcf9e91965",2026-09-25 13:10:02.54,2026-09-25 13:10:02.694,2026-09-25 13:10:02.694,2026-09-25
"777","qGpm7T9p1P","MOOSPMv3Parser",1790341800,9,9,8,15,15,8,8,16,16,8,2128,513,189921,103,61,9,61,61,18,67,61,0,20,19,51,55,0.009,218,1,35.775021,-119.238457,63.992001,6,600,58,3,"e00fce68e88237db75a60608",2026-09-25 13:10:03.147,2026-09-25 13:10:03.304,2026-09-25 13:10:03.304,2026-09-25
"778","oUhTbECM7K","MOOSPMv3Parser",1790341801,26,23,20,37,34,21,21,40,40,21,4581,1298,165991,224,155,14,155,155,17,78,155,0,17,18,81,73,0.713,194,1,36.52335,-119.278847,82.596001,7,599,58,3,"e00fce68f12da1a0c5de6248",2026-09-25 13:10:03.228,2026-09-25 13:10:03.43,2026-09-25 13:10:03.43,2026-09-25
"779","QYuV34aBVR","MOOSPMv3Parser",1790341801,3,3,9,8,8,9,9,9,9,9,487,377,150148,76,67,10,68,68,18,47,68,1,21,19,57,54,5.035,183,1,35.963104,-119.291817,56.098,0,600,58,3,"e00fce68d6b773b56ce8baa0",2026-09-25 13:10:03.304,2026-09-25 13:10:03.468,2026-09-25 13:10:03.468,2026-09-25
"780","V5Q3FFSIMf","MOOSPMv3Parser",1790341801,16,16,10,24,24,10,10,25,25,10,3072,857,285408,150,78,8,79,79,17,66,79,0,18,19,62,60,6.315,210,1,35.949528,-119.049965,97.613998,5,600,58,3,"e00fce6808784ceaf209f949",2026-09-25 13:10:03.331,2026-09-25 13:10:03.505,2026-09-25 13:10:03.505,2026-09-25
"781","y8AbhkR8L2","MOOSPMv3Parser",1790341801,4,4,4,7,7,5,5,8,8,5,878,271,230645,48,35,4,35,35,0,0,35,0,18,19,48,48,16.402,74,11,36.43362,-119.923378,29.742001,12,600,58,3,"e00fce6876826e255108c6bd",2026-09-25 13:10:03.516,2026-09-25 13:10:03.686,2026-09-25 13:10:03.686,2026-09-25
"782","TP8w7aauFy","MOOSPMv3Parser",1790341801,0,0,2,0,0,2,2,0,0,2,220,132,63366,20,14,2,15,15,19,40,15,1,19,20,45,44,19.105,35,3,36.198952,-120.104424,117.972,8,600,58,3,"e00fce686dc2ef0a68fa40b0",2026-09-25 13:10:03.805,2026-09-25 13:10:03.99,2026-09-25 13:10:03.99,2026-09-25
"783","HId95fVYX1","MOOSPMv3Parser",1790341800,4,4,4,6,6,4,4,7,7,4,1000,253,333563,45,33,3,33,33,16,44,33,0,19,17,45,53,26.819,111,2,36.138985,-120.368614,174.656998,5,600,58,3,"e00fce6850cac69f647dc199",2026-09-25 13:10:04.353,2026-09-25 13:10:04.506,2026-09-25 13:10:04.506,2026-09-25
"784","aXYPvrJ8wF","MOOSPMv3Parser",1790341801,3,3,0,4,4,0,0,5,5,0,661,188,219311,30,0,2,0,0,21,26,0,0,22,22,36,37,32,25,3277,6.4e-05,0.002307,13161.265625,9,600,58,3,"e00fce68e28dcbc9a589be10",2026-09-25 13:10:09.8,2026-09-25 13:10:09.976,2026-09-25 13:10:09.976,2026-09-25
"785","sZABr59JjX","MOOSPMv3Parser",1790342400,3,3,0,5,5,0,0,6,6,0,974,199,0,38,0,3,0,0,19,35,0,2,19,20,43,44,11.775,127,121,36.187519,-119.822052,18.514999,10,600,58,3,"e00fce68e739ecbcf9e91965",2026-09-25 13:20:02.608,2026-09-25 13:20:02.823,2026-09-25 13:20:02.823,2026-09-25
"786","Smq4j4ZL73","MOOSPMv3Parser",1790342401,0,0,2,0,0,3,3,1,1,3,245,150,63381,24,18,2,19,19,19,40,19,1,19,20,45,42,18.873,48,3,36.198822,-120.104424,88.971001,8,600,58,3,"e00fce686dc2ef0a68fa40b0",2026-09-25 13:20:02.772,2026-09-25 13:20:02.989,2026-09-25 13:20:02.989,2026-09-25
"787","nJJ8PWNrEr","MOOSPMv3Parser",1790342401,18,18,11,26,26,11,11,27,27,11,3339,927,285479,164,82,9,83,83,17,68,83,0,18,19,62,61,6.533,207,1,35.949471,-119.049919,120.207001,8,600,58,3,"e00fce6808784ceaf209f949",2026-09-25 13:20:03.104,2026-09-25 13:20:03.277,2026-09-25 13:20:03.277,2026-09-25
"788","OnStGwgg06","MOOSPMv3Parser",1790342400,10,10,8,15,15,8,8,15,15,8,2271,548,190293,93,63,5,63,63,18,60,63,0,20,19,48,52,3.15,157,1,35.774986,-119.238556,67.639999,5,599,58,3,"e00fce68e88237db75a60608",2026-09-25 13:20:03.151,2026-09-25 13:20:03.349,2026-09-25 13:20:03.349,2026-09-25
"789","Rhouz6ccjF","MOOSPMv3Parser",1790342401,24,22,18,35,32,19,19,37,37,19,4374,1237,165840,206,144,11,144,144,17,78,144,0,16,18,81,72,0.671,201,1,36.52335,-119.278847,82.588997,0,600,58,3,"e00fce68f12da1a0c5de6248",2026-09-25 13:20:03.248,2026-09-25 13:20:03.447,2026-09-25 13:20:03.447,2026-09-25
"790","W2xR7Id3RS","MOOSPMv3Parser",1790342401,8,8,7,12,12,7,7,13,13,7,1434,444,230691,74,54,7,55,55,0,0,55,0,18,19,49,49,14.999,74,7,36.433636,-119.923302,23.816,8,600,58,3,"e00fce6876826e255108c6bd",2026-09-25 13:20:03.439,2026-09-25 13:20:03.653,2026-09-25 13:20:03.653,2026-09-25
"791","KBtwdXeDqG","MOOSPMv3Parser",1790342401,4,4,9,9,9,10,11,12,12,11,503,389,150208,83,72,12,73,73,18,47,73,1,21,19,57,55,6.281,177,1,35.963139,-119.291786,29.73,7,600,58,3,"e00fce68d6b773b56ce8baa0",2026-09-25 13:20:03.609,2026-09-25 13:20:03.78,2026-09-25 13:20:03.78,2026-09-25
"792","OCj6FmDxAj","MOOSPMv3Parser",1790342400,5,5,4,7,7,4,4,7,7,4,1073,272,333595,48,32,2,32,32,16,39,32,0,19,17,40,47,27.898,100,2,36.138981,-120.368423,177.731003,6,600,58,3,"e00fce6850cac69f647dc199",2026-09-25 13:20:04.906,2026-09-25 13:20:05.063,2026-09-25 13:20:05.063,2026-09-25
"793","ER12xv7zZf","MOOSPMv3Parser",1790342401,2,2,0,4,4,0,0,4,4,0,628,178,219311,31,0,2,0,0,21,26,0,0,22,22,37,37,31.907,26,3277,6.4e-05,0.002307,13161.265625,9,600,58,3,"e00fce68e28dcbc9a589be10",2026-09-25 13:20:09.817,2026-09-25 13:20:10.007,2026-09-25 13:20:10.007,2026-09-25
"794","DAeFY13MWr","MOOSPMv3Parser",1790342400,2,2,2,3,3,2,2,4,4,2,1231,170,85527,22,16,2,17,17,18,38,17,0,18,19,48,48,31.727,34,9,36.503117,-120.325378,58.812,7,600,58,3,"e00fce68e77e43df92405fdb",2026-09-25 13:20:34.55,2026-09-25 13:20:34.717,2026-09-25 13:20:34.717,2026-09-25
"795","VvbnzXIP52","MOOSPMv3Parser",1790343000,3,3,0,5,5,0,0,6,6,0,995,203,0,39,0,4,0,0,19,35,0,2,19,20,44,44,1.686,185,3,36.187454,-119.821953,41.500999,9,600,58,3,"e00fce68e739ecbcf9e91965",2026-09-25 13:30:02.681,2026-09-25 13:30:02.817,2026-09-25 13:30:02.817,2026-09-25
"796","CiLUAX6NWs","MOOSPMv3Parser",1790343001,0,0,2,1,1,3,3,1,1,3,245,151,63396,24,18,3,18,18,19,40,18,1,19,20,44,42,18.87,46,3,36.198895,-120.104408,89.809998,7,600,58,3,"e00fce686dc2ef0a68fa40b0",2026-09-25 13:30:02.683,2026-09-25 13:30:02.865,2026-09-25 13:30:02.865,2026-09-25
"797","C4RJ4AWVd1","MOOSPMv3Parser",1790343001,18,18,11,27,27,11,11,28,28,11,3382,940,285554,168,85,10,85,85,17,67,85,0,18,18,62,61,7.189,204,1,35.949471,-119.049919,120.208,0,600,58,3,"e00fce6808784ceaf209f949",2026-09-25 13:30:03.073,2026-09-25 13:30:03.253,2026-09-25 13:30:03.253,2026-09-25
"798","dkXKhgMRu1","MOOSPMv3Parser",1790343000,10,10,8,15,15,8,8,16,16,8,2305,557,190347,99,63,7,63,63,18,59,63,0,20,19,50,52,4.542,146,1,35.774929,-119.238457,97.731003,6,599,58,3,"e00fce68e88237db75a60608",2026-09-25 13:30:03.146,2026-09-25 13:30:03.347,2026-09-25 13:30:03.347,2026-09-25
"799","6UsoT2NDiq","MOOSPMv3Parser",1790343001,24,22,18,34,32,19,19,36,36,19,4226,1201,166241,201,142,10,142,142,17,78,142,0,16,18,82,72,1.161,183,1,36.52338,-119.278755,81.635002,6,599,58,3,"e00fce68f12da1a0c5de6248",2026-09-25 13:30:03.232,2026-09-25 13:30:03.402,2026-09-25 13:30:03.402,2026-09-25
"800","PoIgTYOOpm","MOOSPMv3Parser",1790343001,5,5,5,9,9,6,6,10,10,6,1089,336,230728,58,42,7,42,42,0,0,42,0,18,19,51,50,13.342,75,3,36.43362,-119.923401,25.940001,10,600,58,3,"e00fce6876826e255108c6bd",2026-09-25 13:30:03.374,2026-09-25 13:30:03.521,2026-09-25 13:30:03.521,2026-09-25
"801","AYey6DH3BP","MOOSPMv3Parser",1790343001,4,4,9,8,8,9,9,10,10,10,483,373,150263,76,66,9,67,67,18,48,67,1,21,19,57,55,6.106,175,1,35.963142,-119.291832,48.687,7,600,58,3,"e00fce68d6b773b56ce8baa0",2026-09-25 13:30:03.371,2026-09-25 13:30:03.54,2026-09-25 13:30:03.54,2026-09-25
"802","cZt00lE8dr","MOOSPMv3Parser",1790343000,2,2,2,3,3,2,2,4,4,2,1222,173,85541,23,16,2,16,16,18,40,16,0,18,19,50,49,28.595,83,7,36.503143,-120.325378,71.832001,6,600,58,3,"e00fce68e77e43df92405fdb",2026-09-25 13:30:03.781,2026-09-25 13:30:03.97,2026-09-25 13:30:03.97,2026-09-25
"803","PDCaDxwASb","MOOSPMv3Parser",1790343000,4,4,4,6,6,4,4,7,7,4,1019,252,333627,40,33,2,33,33,16,41,33,0,19,17,42,50,34.046,37,2,36.138981,-120.368492,179.949997,7,600,58,3,"e00fce6850cac69f647dc199",2026-09-25 13:30:05.069,2026-09-25 13:30:05.265,2026-09-25 13:30:05.265,2026-09-25
"804","3o2mO2RJjB","MOOSPMv3Parser",1790343001,3,3,0,5,5,0,0,5,5,0,688,194,219311,34,0,2,0,0,21,27,0,0,22,22,37,37,31.528,26,3277,6.4e-05,0.002307,13161.265625,9,600,58,3,"e00fce68e28dcbc9a589be10",2026-09-25 13:30:10.039,2026-09-25 13:30:10.234,2026-09-25 13:30:10.234,2026-09-25
"805","SAphSWxEE9","MOOSPMv3Parser",1790343600,3,3,0,5,5,0,0,6,6,0,1016,215,0,37,0,3,0,0,19,36,0,2,19,20,44,45,1.69,181,1,36.187469,-119.82206,24.302999,8,600,58,3,"e00fce68e739ecbcf9e91965",2026-09-25 13:40:02.858,2026-09-25 13:40:03.109,2026-09-25 13:40:03.109,2026-09-25
"806","LVx2j48MVN","MOOSPMv3Parser",1790343601,18,17,11,26,26,11,11,28,28,11,3310,918,285628,165,83,11,84,84,17,67,84,0,18,19,62,61,7.566,200,1,35.949551,-119.049942,114.416,9,600,58,3,"e00fce6808784ceaf209f949",2026-09-25 13:40:03.065,2026-09-25 13:40:03.225,2026-09-25 13:40:03.225,2026-09-25
"807","lHlgZKyprk","MOOSPMv3Parser",1790343600,8,8,7,12,12,7,7,12,12,7,1843,433,190393,75,52,5,52,52,18,57,52,0,20,19,49,51,6.758,136,1,35.775017,-119.238533,73.223,6,599,58,3,"e00fce68e88237db75a60608",2026-09-25 13:40:03.258,2026-09-25 13:40:03.465,2026-09-25 13:40:03.465,2026-09-25
"808","MlXeCBuXh6","MOOSPMv3Parser",1790343601,4,4,5,7,7,5,5,9,9,5,911,278,230760,50,37,6,37,37,0,0,37,0,17,19,51,50,12.785,95,2,36.433487,-119.923431,14.335,8,600,58,3,"e00fce6876826e255108c6bd",2026-09-25 13:40:03.371,2026-09-25 13:40:03.54,2026-09-25 13:40:03.54,2026-09-25
"809","cUsCXBKRtb","MOOSPMv3Parser",1790343601,0,0,2,0,0,3,3,1,1,3,237,144,63410,23,17,2,17,17,19,39,17,1,19,20,43,41,17.785,93,3,36.198895,-120.104408,89.809998,0,600,58,3,"e00fce686dc2ef0a68fa40b0",2026-09-25 13:40:03.402,2026-09-25 13:40:03.613,2026-09-25 13:40:03.613,2026-09-25
"810","VG8MrVATK2","MOOSPMv3Parser",1790343601,23,22,18,34,32,18,18,36,36,18,4174,1187,166361,201,137,10,138,138,17,78,138,0,15,18,85,72,1.838,143,1,36.523411,-119.278885,68.726997,7,599,58,3,"e00fce68f12da1a0c5de6248",2026-09-25 13:40:03.527,2026-09-25 13:40:03.748,2026-09-25 13:40:03.748,2026-09-25
"811","CV9kzkA4Lq","MOOSPMv3Parser",1790343601,3,3,8,7,7,9,9,8,8,10,463,357,150317,72,65,9,65,66,18,48,66,1,21,18,57,56,6.503,173,1,35.963051,-119.291786,41.07,5,600,58,3,"e00fce68d6b773b56ce8baa0",2026-09-25 13:40:03.54,2026-09-25 13:40:03.792,2026-09-25 13:40:03.792,2026-09-25
"812","HbCYXd2OuW","MOOSPMv3Parser",1790343600,4,4,4,6,6,5,5,7,7,5,1010,254,333658,44,34,3,34,34,16,42,34,0,19,17,43,50,31.432,50,3,36.138969,-120.368538,167.526001,8,600,58,3,"e00fce6850cac69f647dc199",2026-09-25 13:40:04.178,2026-09-25 13:40:04.369,2026-09-25 13:40:04.369,2026-09-25
"813","qXa5vfKUtP","MOOSPMv3Parser",1790343601,3,3,0,4,4,0,0,5,5,0,710,200,219311,31,0,2,0,0,20,27,0,0,21,22,37,37,31.761,26,3277,6.4e-05,0.002307,13161.265625,9,600,58,3,"e00fce68e28dcbc9a589be10",2026-09-25 13:40:09.821,2026-09-25 13:40:10.012,2026-09-25 13:40:10.012,2026-09-25
"814","tQJxD19cQB","MOOSPMv3Parser",1790344200,3,3,0,5,5,0,0,6,6,0,980,206,0,38,0,3,0,0,18,36,0,2,19,20,45,45,5.852,161,4,36.187435,-119.821953,37.231998,8,600,58,3,"e00fce68e739ecbcf9e91965",2026-09-25 13:50:02.689,2026-09-25 13:50:02.934,2026-09-25 13:50:02.934,2026-09-25
"815","UrMFBYhuft","MOOSPMv3Parser",1790344201,23,22,18,34,32,19,19,37,37,19,4264,1207,166485,210,142,11,142,142,17,78,142,0,15,18,87,74,2.315,118,1,36.523376,-119.278847,83.996002,8,599,58,3,"e00fce68f12da1a0c5de6248",2026-09-25 13:50:03.144,2026-09-25 13:50:03.291,2026-09-25 13:50:03.291,2026-09-25
"816","auBWLPlmfS","MOOSPMv3Parser",1790344201,17,17,10,24,24,10,10,25,25,10,3093,854,285692,148,74,9,75,75,17,66,75,0,18,19,62,60,6.886,201,1,35.949516,-119.049881,126.306999,8,600,58,3,"e00fce6808784ceaf209f949",2026-09-25 13:50:03.194,2026-09-25 13:50:03.372,2026-09-25 13:50:03.372,2026-09-25
"817","ujnu9zK0y1","MOOSPMv3Parser",1790344200,7,7,6,11,11,6,6,11,11,6,1704,404,190434,73,48,5,48,48,18,57,48,0,20,19,50,52,9.294,118,1,35.774986,-119.238548,84.554001,5,599,58,3,"e00fce68e88237db75a60608",2026-09-25 13:50:03.156,2026-09-25 13:50:03.379,2026-09-25 13:50:03.379,2026-09-25
"818","HP8UcsJDOs","MOOSPMv3Parser",1790344201,3,3,8,7,7,8,9,8,8,9,452,348,150370,69,62,9,62,62,18,48,63,0,21,18,57,54,5.173,176,1,35.963135,-119.291862,34.960999,6,600,58,3,"e00fce68d6b773b56ce8baa0",2026-09-25 13:50:03.375,2026-09-25 13:50:03.588,2026-09-25 13:50:03.588,2026-09-25
"819","aNah6PsYjS","MOOSPMv3Parser",1790344201,6,6,6,10,10,6,6,11,11,6,1236,378,230799,67,47,6,47,47,0,0,47,0,18,18,51,50,14.634,75,2,36.433594,-119.923286,27.152,6,600,58,3,"e00fce6876826e255108c6bd",2026-09-25 13:50:03.43,2026-09-25 13:50:03.599,2026-09-25 13:50:03.599,2026-09-25
"820","41epShFHko","MOOSPMv3Parser",1790344201,0,0,2,0,0,2,2,0,0,2,225,132,63422,21,15,2,15,15,19,39,15,1,19,20,44,40,18.751,69,3,36.198914,-120.104485,80.978996,6,600,58,3,"e00fce686dc2ef0a68fa40b0",2026-09-25 13:50:03.788,2026-09-25 13:50:03.977,2026-09-25 13:50:03.977,2026-09-25
"821","LMPeimKkbN","MOOSPMv3Parser",1790344200,5,5,5,7,7,5,5,8,8,5,1085,275,333692,48,37,3,37,38,16,41,38,0,19,17,42,49,27.202,112,3,36.138969,-120.368538,167.524994,0,600,58,3,"e00fce6850cac69f647dc199",2026-09-25 13:50:04.101,2026-09-25 13:50:04.308,2026-09-25 13:50:04.308,2026-09-25
"822","LwMFCsQ5HZ","MOOSPMv3Parser",1790344201,3,3,0,4,4,0,0,5,5,0,676,194,219311,34,0,2,0,0,20,26,0,0,21,22,36,37,32.163,27,3277,6.4e-05,0.002307,13161.265625,9,600,58,3,"e00fce68e28dcbc9a589be10",2026-09-25 13:50:09.82,2026-09-25 13:50:10.041,2026-09-25 13:50:10.041,2026-09-25
"823","ZCeEwYDNun","MOOSPMv3Parser",1790344801,0,0,2,1,1,3,3,1,1,3,243,150,63436,23,18,3,19,19,19,40,19,1,18,20,46,42,17.546,87,3,36.198853,-120.104477,79.275002,5,600,58,3,"e00fce686dc2ef0a68fa40b0",2026-09-25 14:00:02.712,2026-09-25 14:00:03.397,2026-09-25 14:00:03.397,2026-09-25
"824","gelgqLdF17","MOOSPMv3Parser",1790344801,23,22,18,34,32,19,19,36,36,19,4238,1205,166608,205,141,10,142,142,17,80,142,0,15,17,88,76,3.027,107,1,36.52327,-119.278809,102.877998,7,599,58,3,"e00fce68f12da1a0c5de6248",2026-09-25 14:00:03.157,2026-09-25 14:00:03.568,2026-09-25 14:00:03.568,2026-09-25
"825","gO9hWmMEAv","MOOSPMv3Parser",1790344800,3,3,0,5,5,0,0,6,6,0,967,201,0,36,0,3,0,0,18,37,0,2,19,19,45,45,9.22,166,31,36.187531,-119.822006,37.005001,8,600,58,3,"e00fce68e739ecbcf9e91965",2026-09-25 14:00:02.684,2026-09-25 14:00:03.759,2026-09-25 14:00:03.759,2026-09-25
"826","RA5C0cuED9","MOOSPMv3Parser",1790344801,15,15,9,22,22,9,9,23,23,9,2866,793,285754,137,69,9,69,69,18,65,69,0,18,19,62,59,6.81,198,1,35.949539,-119.04998,116.061996,8,600,58,3,"e00fce6808784ceaf209f949",2026-09-25 14:00:03.289,2026-09-25 14:00:03.79,2026-09-25 14:00:03.79,2026-09-25
"827","FOo8eB2w8a","MOOSPMv3Parser",1790344801,9,9,8,14,14,9,9,16,16,9,1678,514,230854,90,64,10,65,65,0,0,65,0,18,18,50,50,15.158,75,4,36.433674,-119.923355,24.156,8,600,58,3,"e00fce6876826e255108c6bd",2026-09-25 14:00:03.447,2026-09-25 14:00:04.018,2026-09-25 14:00:04.018,2026-09-25
"828","rNnTtqXTK3","MOOSPMv3Parser",1790344800,7,7,6,10,10,6,6,11,11,6,1664,379,190157,66,46,5,46,46,18,57,46,0,19,19,50,51,9.972,117,1,35.774986,-119.238548,84.556,0,600,58,3,"e00fce68e88237db75a60608",2026-09-25 14:00:03.301,2026-09-25 14:00:04.15,2026-09-25 14:00:04.15,2026-09-25
"829","KwhIiziCoc","MOOSPMv3Parser",1790344800,5,5,5,7,7,5,6,7,7,6,1075,268,333724,49,38,3,38,38,16,41,38,0,19,17,42,49,28.222,111,2,36.138954,-120.368408,199.785004,8,600,58,3,"e00fce6850cac69f647dc199",2026-09-25 14:00:04.184,2026-09-25 14:00:04.385,2026-09-25 14:00:04.385,2026-09-25
"830","J75OOWXK9G","MOOSPMv3Parser",1790344801,3,3,7,6,6,8,8,7,7,8,443,336,150418,67,58,8,59,59,17,48,59,1,21,18,57,56,6.385,169,1,35.963112,-119.291725,34.540001,6,600,58,3,"e00fce68d6b773b56ce8baa0",2026-09-25 14:00:03.608,2026-09-25 14:00:04.45,2026-09-25 14:00:04.45,2026-09-25
"831","3zFP6E3orJ","MOOSPMv3Parser",1790344801,3,3,0,5,5,0,0,5,5,0,704,198,219311,34,0,3,0,0,20,26,0,0,21,22,36,36,32.631,24,3277,6.4e-05,0.002307,13161.265625,9,600,58,3,"e00fce68e28dcbc9a589be10",2026-09-25 14:00:09.976,2026-09-25 14:00:10.172,2026-09-25 14:00:10.172,2026-09-25
"832","8QeWgrNUho","MOOSPMv3Parser",1790345400,3,3,0,5,5,0,0,6,6,0,972,202,0,38,0,4,0,0,18,37,0,2,19,19,46,46,9.368,145,48,36.187412,-119.822037,21.886,8,600,58,3,"e00fce68e739ecbcf9e91965",2026-09-25 14:10:02.688,2026-09-25 14:10:02.826,2026-09-25 14:10:02.826,2026-09-25
"833","yDPnkeKOOM","MOOSPMv3Parser",1790345401,0,0,3,1,1,3,4,1,1,4,249,154,63452,25,19,2,20,20,19,39,20,1,18,20,45,41,17.518,117,3,36.198795,-120.104469,85.490997,5,600,58,3,"e00fce686dc2ef0a68fa40b0",2026-09-25 14:10:03.099,2026-09-25 14:10:03.259,2026-09-25 14:10:03.259,2026-09-25
"834","IMiA7MQqdu","MOOSPMv3Parser",1790345401,24,22,18,34,32,19,19,36,36,19,4220,1203,166730,203,139,11,140,140,16,79,140,0,15,17,86,75,3.266,109,1,36.523247,-119.278778,47.882999,8,599,58,3,"e00fce68f12da1a0c5de6248",2026-09-25 14:10:03.219,2026-09-25 14:10:03.397,2026-09-25 14:10:03.397,2026-09-25
"835","EzxjXqQCvB","MOOSPMv3Parser",1790345400,7,7,6,10,10,6,6,11,11,6,1679,386,190515,69,46,5,46,46,18,57,46,0,19,19,50,51,10.466,115,1,35.775017,-119.238564,72.471001,11,599,58,3,"e00fce68e88237db75a60608",2026-09-25 14:10:03.223,2026-09-25 14:10:03.412,2026-09-25 14:10:03.412,2026-09-25
"836","gVq7xsc6dY","MOOSPMv3Parser",1790345401,11,11,10,18,18,11,11,20,20,11,2030,625,230920,114,78,12,78,78,0,0,78,0,17,18,51,51,14.86,75,4,36.433521,-119.923409,14.485,6,600,58,3,"e00fce6876826e255108c6bd",2026-09-25 14:10:03.289,2026-09-25 14:10:03.428,2026-09-25 14:10:03.428,2026-09-25
"837","jJyKfPsFdR","MOOSPMv3Parser",1790345401,15,15,8,21,21,9,9,22,22,9,2772,767,285812,131,66,8,66,66,17,66,66,0,18,19,63,60,6.472,201,1,35.949413,-119.04985,123.791,8,600,58,3,"e00fce6808784ceaf209f949",2026-09-25 14:10:03.248,2026-09-25 14:10:03.471,2026-09-25 14:10:03.471,2026-09-25
"838","A0ezqpgqq8","MOOSPMv3Parser",1790345401,2,2,7,6,6,8,8,7,7,8,413,311,150466,63,56,8,57,57,17,48,57,1,21,18,57,57,7.234,159,1,35.963207,-119.291679,55.494999,8,600,58,3,"e00fce68d6b773b56ce8baa0",2026-09-25 14:10:03.297,2026-09-25 14:10:03.589,2026-09-25 14:10:03.589,2026-09-25
"839","9g4Ct39bCp","MOOSPMv3Parser",1790345400,3,3,2,4,4,3,3,5,5,3,1319,198,85601,28,18,2,19,19,16,47,19,0,16,17,55,54,19.74,227,3,36.503094,-120.325371,47.426998,0,600,58,3,"e00fce68e77e43df92405fdb",2026-09-25 14:10:04.211,2026-09-25 14:10:04.399,2026-09-25 14:10:04.399,2026-09-25
"840","XqMJVhhQxc","MOOSPMv3Parser",1790345400,5,5,4,7,7,5,5,7,7,5,1077,271,333756,44,35,2,35,35,16,45,35,0,19,17,45,53,27.221,118,2,36.138931,-120.368431,161.789993,6,600,58,3,"e00fce6850cac69f647dc199",2026-09-25 14:10:04.439,2026-09-25 14:10:04.603,2026-09-25 14:10:04.603,2026-09-25
"841","c26KEVZRFm","MOOSPMv3Parser",1790345401,3,3,0,4,4,0,0,5,5,0,698,200,219311,32,0,2,0,0,20,26,0,0,22,22,35,36,33.134,22,3277,6.4e-05,0.002307,13161.265625,9,600,58,3,"e00fce68e28dcbc9a589be10",2026-09-25 14:10:09.901,2026-09-25 14:10:10.09,2026-09-25 14:10:10.09,2026-09-25
"842","swgzmtRWBO","MOOSPMv3Parser",1790346000,3,3,0,5,5,0,0,6,6,0,994,204,0,37,0,4,0,0,18,38,0,2,19,19,46,47,7.745,152,47,36.187412,-119.822037,21.881001,0,600,58,3,"e00fce68e739ecbcf9e91965",2026-09-25 14:20:02.858,2026-09-25 14:20:03.187,2026-09-25 14:20:03.187,2026-09-25
"843","S9BnSL3NtM","MOOSPMv3Parser",1790346001,15,15,8,21,21,9,9,22,22,9,2805,772,285867,132,64,8,64,64,17,65,64,0,18,19,61,60,6.914,199,1,35.949562,-119.049896,121.698997,10,600,58,3,"e00fce6808784ceaf209f949",2026-09-25 14:20:03.249,2026-09-25 14:20:03.384,2026-09-25 14:20:03.384,2026-09-25
"844","Q1sfF0WUMx","MOOSPMv3Parser",1790346000,7,7,6,11,11,6,6,11,11,6,1674,387,190556,71,47,6,48,48,18,55,48,0,19,19,49,50,10.865,117,1,35.775158,-119.23851,78.146004,8,599,58,3,"e00fce68e88237db75a60608",2026-09-25 14:20:03.226,2026-09-25 14:20:03.425,2026-09-25 14:20:03.425,2026-09-25
"845","2agLLzhZRo","MOOSPMv3Parser",1790346001,24,22,18,35,32,19,19,37,37,19,4275,1218,166856,211,144,10,145,145,16,80,145,0,15,17,86,76,3.899,113,1,36.523304,-119.27887,92.186996,8,599,58,3,"e00fce68f12da1a0c5de6248",2026-09-25 14:20:03.262,2026-09-25 14:20:03.494,2026-09-25 14:20:03.494,2026-09-25
"846","oeaaSZdRTv","MOOSPMv3Parser",1790346001,8,8,8,14,14,8,8,15,15,8,1546,479,230972,82,60,9,60,60,0,0,60,0,17,18,51,51,15.075,75,3,36.433521,-119.923409,14.48,0,600,58,3,"e00fce6876826e255108c6bd",2026-09-25 14:20:03.448,2026-09-25 14:20:03.603,2026-09-25 14:20:03.603,2026-09-25
"847","7NvnfvutOm","MOOSPMv3Parser",1790346001,2,2,7,6,6,7,8,7,7,8,417,318,150512,64,55,7,55,55,17,50,55,1,21,18,57,57,6.648,160,1,35.963123,-119.291832,39.115002,9,600,58,3,"e00fce68d6b773b56ce8baa0",2026-09-25 14:20:03.462,2026-09-25 14:20:03.704,2026-09-25 14:20:03.704,2026-09-25
"848","TDo2bf3zhC","MOOSPMv3Parser",1790346001,0,0,2,1,1,3,3,1,1,3,268,171,63466,26,17,2,17,17,19,40,17,1,18,20,47,42,17.226,97,2,36.198868,-120.104401,80.491997,8,600,58,3,"e00fce686dc2ef0a68fa40b0",2026-09-25 14:20:03.634,2026-09-25 14:20:03.821,2026-09-25 14:20:03.821,2026-09-25
"849","X3tEYu5YaW","MOOSPMv3Parser",1790346000,5,5,5,7,7,5,5,7,7,5,1044,266,333788,48,37,3,37,37,16,44,37,0,19,17,44,53,25.222,144,2,36.138866,-120.368423,178.811005,6,600,58,3,"e00fce6850cac69f647dc199",2026-09-25 14:20:03.848,2026-09-25 14:20:04.052,2026-09-25 14:20:04.052,2026-09-25
"850","ZPTjTs2JwH","MOOSPMv3Parser",1790346001,3,3,0,5,5,0,0,5,5,0,702,199,219311,35,0,2,0,0,20,26,0,0,22,22,36,37,32.865,21,3277,6.4e-05,0.002307,13161.265625,9,600,58,3,"e00fce68e28dcbc9a589be10",2026-09-25 14:20:09.957,2026-09-25 14:20:10.114,2026-09-25 14:20:10.114,2026-09-25
"851","EZrMV4w36C","MOOSPMv3Parser",1790346000,3,3,2,4,4,3,3,5,5,3,1393,202,85618,27,19,2,19,19,16,48,19,0,17,17,54,54,19.422,237,2,36.503197,-120.325386,51.973999,9,600,58,3,"e00fce68e77e43df92405fdb",2026-09-25 14:20:10.218,2026-09-25 14:20:10.434,2026-09-25 14:20:10.434,2026-09-25
"852","4YNKthWhY4","MOOSPMv3Parser",1790346600,3,3,0,5,5,0,0,6,6,0,1049,215,0,38,0,5,0,0,18,37,0,2,19,19,45,46,0.855,210,2,36.187534,-119.821991,58.681999,8,600,58,3,"e00fce68e739ecbcf9e91965",2026-09-25 14:30:02.609,2026-09-25 14:30:02.873,2026-09-25 14:30:02.873,2026-09-25
"853","tauIX2Ulez","MOOSPMv3Parser",1790346601,25,22,19,36,33,20,20,37,37,20,4370,1248,166984,216,147,10,147,147,16,81,147,0,16,17,86,77,4.123,117,1,36.523354,-119.278824,88.718002,6,599,58,3,"e00fce68f12da1a0c5de6248",2026-09-25 14:30:03.222,2026-09-25 14:30:03.367,2026-09-25 14:30:03.367,2026-09-25
"854","6IR5Hgv1yq","MOOSPMv3Parser",1790346600,7,7,6,11,11,7,7,12,12,7,1758,409,190599,72,49,6,49,49,18,54,49,0,20,20,47,49,10.343,117,1,35.775036,-119.238525,68.800003,10,599,58,3,"e00fce68e88237db75a60608",2026-09-25 14:30:03.258,2026-09-25 14:30:03.477,2026-09-25 14:30:03.477,2026-09-25
"855","Jg57sPZ1tR","MOOSPMv3Parser",1790346601,15,15,9,22,22,10,10,23,23,10,2903,805,285931,139,72,7,73,73,18,65,73,0,18,19,61,60,6.046,202,1,35.949566,-119.04998,125.380997,7,600,58,3,"e00fce6808784ceaf209f949",2026-09-25 14:30:03.259,2026-09-25 14:30:03.491,2026-09-25 14:30:03.491,2026-09-25
"856","SZCP0UBH9t","MOOSPMv3Parser",1790346601,2,2,7,6,6,7,7,6,6,7,407,304,150557,61,53,8,54,54,18,48,54,1,21,18,57,55,6.68,161,1,35.963154,-119.291771,54.644001,7,600,58,3,"e00fce68d6b773b56ce8baa0",2026-09-25 14:30:03.295,2026-09-25 14:30:03.516,2026-09-25 14:30:03.516,2026-09-25
"857","ngHvE2YFM2","MOOSPMv3Parser",1790346601,4,4,5,7,7,5,5,9,9,5,876,270,231004,46,36,6,37,37,0,0,37,0,18,18,51,52,15.538,75,3,36.433525,-119.92334,39.919998,6,600,58,3,"e00fce6876826e255108c6bd",2026-09-25 14:30:03.447,2026-09-25 14:30:03.589,2026-09-25 14:30:03.589,2026-09-25
"858","G3xHkhHCFe","MOOSPMv3Parser",1790346601,0,0,2,1,1,3,3,2,2,3,263,169,63480,27,17,3,18,18,19,40,18,1,19,20,45,42,18.355,75,2,36.198822,-120.104446,81.849998,7,600,58,3,"e00fce686dc2ef0a68fa40b0",2026-09-25 14:30:03.792,2026-09-25 14:30:04.073,2026-09-25 14:30:04.073,2026-09-25
"859","keYpi8yApO","MOOSPMv3Parser",1790346600,5,5,5,7,7,5,5,7,7,5,1114,279,333820,49,37,3,38,38,16,44,38,0,20,17,43,52,25.534,144,2,36.139141,-120.36837,140.270996,6,600,58,3,"e00fce6850cac69f647dc199",2026-09-25 14:30:04.217,2026-09-25 14:30:04.44,2026-09-25 14:30:04.44,2026-09-25
"860","SgMx2kh0Px","MOOSPMv3Parser",1790346600,3,3,2,4,4,3,3,5,5,3,1358,207,85633,27,18,2,18,18,16,48,18,0,17,17,52,54,20.222,231,2,36.503048,-120.325432,49.889,6,600,58,3,"e00fce68e77e43df92405fdb",2026-09-25 14:30:09.796,2026-09-25 14:30:09.951,2026-09-25 14:30:09.951,2026-09-25
"861","HX9p0ZHfPi","MOOSPMv3Parser",1790346601,3,3,0,5,5,0,0,5,5,0,760,213,219311,37,0,2,0,0,20,27,0,0,22,22,37,38,31.646,38,3277,6.4e-05,0.002307,13161.265625,9,600,58,3,"e00fce68e28dcbc9a589be10",2026-09-25 14:30:09.866,2026-09-25 14:30:10.051,2026-09-25 14:30:10.051,2026-09-25
"862","vt6QnKXAie","MOOSPMv3Parser",1790347200,3,3,0,5,5,0,0,6,6,0,1016,205,0,35,0,4,0,0,18,37,0,2,19,19,44,46,8.21,141,10,36.187431,-119.822083,29.551001,7,600,58,3,"e00fce68e739ecbcf9e91965",2026-09-25 14:40:02.708,2026-09-25 14:40:02.92,2026-09-25 14:40:02.92,2026-09-25
"863","bOnDf8Djjc","MOOSPMv3Parser",1790347201,0,0,2,1,1,3,3,1,1,3,269,173,63496,27,19,3,19,19,19,40,19,1,19,20,47,43,17.935,76,3,36.198845,-120.104424,75.113998,9,600,58,3,"e00fce686dc2ef0a68fa40b0",2026-09-25 14:40:02.849,2026-09-25 14:40:03.113,2026-09-25 14:40:03.113,2026-09-25
"864","JSeypj93XO","MOOSPMv3Parser",1790347201,17,17,10,25,25,11,11,26,26,11,3236,898,285998,154,80,9,80,80,18,65,80,0,19,19,59,59,6.365,203,1,35.949631,-119.049973,112.858002,7,600,58,3,"e00fce6808784ceaf209f949",2026-09-25 14:40:03.153,2026-09-25 14:40:03.33,2026-09-25 14:40:03.33,2026-09-25
"865","nveegcnCXr","MOOSPMv3Parser",1790347200,7,7,6,10,10,6,6,10,10,6,1637,374,190639,67,46,5,47,47,19,52,47,0,20,20,47,48,11.075,113,1,35.775139,-119.238495,64.025002,10,599,58,3,"e00fce68e88237db75a60608",2026-09-25 14:40:03.227,2026-09-25 14:40:03.426,2026-09-25 14:40:03.426,2026-09-25
"866","k3c5ge02Ll","MOOSPMv3Parser",1790347201,27,24,20,39,35,21,21,41,41,21,4804,1368,167123,228,158,11,159,159,17,81,159,0,16,17,84,78,5.061,131,1,36.523232,-119.278824,114.074997,5,599,58,3,"e00fce68f12da1a0c5de6248",2026-09-25 14:40:03.46,2026-09-25 14:40:03.631,2026-09-25 14:40:03.631,2026-09-25
"867","qZcOmjJhhv","MOOSPMv3Parser",1790347201,3,3,8,7,7,9,10,8,8,10,443,337,150609,69,64,10,64,64,18,49,64,1,21,18,57,56,6.277,162,1,35.963203,-119.291756,49.837002,8,600,58,3,"e00fce68d6b773b56ce8baa0",2026-09-25 14:40:03.463,2026-09-25 14:40:03.663,2026-09-25 14:40:03.663,2026-09-25
"868","rTv1f7f6Rk","MOOSPMv3Parser",1790347201,3,3,3,4,4,4,4,6,6,4,583,179,231023,34,26,5,26,26,0,0,26,1,18,18,50,52,15.417,75,3,36.433632,-119.923286,36.34,7,600,58,3,"e00fce6876826e255108c6bd",2026-09-25 14:40:03.446,2026-09-25 14:40:03.667,2026-09-25 14:40:03.667,2026-09-25
"869","bbWdYhf0md","MOOSPMv3Parser",1790347200,5,5,5,7,7,5,5,7,7,5,1116,279,333852,47,39,2,39,39,16,46,39,0,20,17,44,54,25.498,143,2,36.139027,-120.368332,188.479996,6,600,58,3,"e00fce6850cac69f647dc199",2026-09-25 14:40:04.111,2026-09-25 14:40:04.339,2026-09-25 14:40:04.339,2026-09-25
"870","bl7VnwM15U","MOOSPMv3Parser",1790347200,3,3,2,4,4,2,2,5,5,2,1371,201,85648,28,17,2,17,17,17,49,17,0,18,17,52,55,20.446,220,2,36.503033,-120.325432,48.027,5,600,58,3,"e00fce68e77e43df92405fdb",2026-09-25 14:40:07.797,2026-09-25 14:40:08.017,2026-09-25 14:40:08.017,2026-09-25
"871","RAcKyxs8pr","MOOSPMv3Parser",1790347201,3,3,0,5,5,0,0,6,6,0,802,227,219311,42,0,3,0,0,21,27,0,0,22,22,37,38,30.457,79,3277,6.4e-05,0.002307,13161.265625,9,600,58,3,"e00fce68e28dcbc9a589be10",2026-09-25 14:40:09.953,2026-09-25 14:40:10.201,2026-09-25 14:40:10.201,2026-09-25
"872","mI9nbErW80","MOOSPMv3Parser",1790347800,3,3,0,5,5,0,0,6,6,0,989,202,0,37,0,3,0,0,19,36,0,2,20,20,43,45,7.586,147,31,36.187481,-119.821983,34.52,11,600,58,3,"e00fce68e739ecbcf9e91965",2026-09-25 14:50:02.688,2026-09-25 14:50:02.998,2026-09-25 14:50:02.998,2026-09-25
"873","cLQmAEnM2B","MOOSPMv3Parser",1790347801,17,17,10,26,26,11,11,27,27,11,3271,903,286066,162,79,10,79,79,18,65,79,0,19,19,59,59,6.187,204,1,35.949566,-119.049835,144.865997,6,600,58,3,"e00fce6808784ceaf209f949",2026-09-25 14:50:03.176,2026-09-25 14:50:03.342,2026-09-25 14:50:03.342,2026-09-25
"874","WIiIgkhAjt","MOOSPMv3Parser",1790347800,6,6,6,9,9,6,6,9,9,7,1600,359,190679,61,45,3,46,46,19,50,46,0,21,21,46,47,11.241,113,1,35.775059,-119.238464,75.125,8,599,58,3,"e00fce68e88237db75a60608",2026-09-25 14:50:03.157,2026-09-25 14:50:03.399,2026-09-25 14:50:03.399,2026-09-25
"875","4tXQIp9Iq7","MOOSPMv3Parser",1790347801,0,0,2,1,1,3,3,1,1,3,286,188,63511,31,19,2,19,19,19,41,19,1,19,20,46,44,16.341,125,3,36.198883,-120.104401,84.443001,9,600,58,3,"e00fce686dc2ef0a68fa40b0",2026-09-25 14:50:03.191,2026-09-25 14:50:03.412,2026-09-25 14:50:03.412,2026-09-25
"876","xE2BaJsBR0","MOOSPMv3Parser",1790347801,3,3,8,7,7,9,10,8,8,10,446,340,150661,69,62,9,63,63,18,48,64,1,21,19,57,55,7.047,162,1,35.963203,-119.291756,49.834999,0,600,58,3,"e00fce68d6b773b56ce8baa0",2026-09-25 14:50:03.284,2026-09-25 14:50:03.487,2026-09-25 14:50:03.487,2026-09-25
"877","eVLEAAs4Hr","MOOSPMv3Parser",1790347801,3,3,4,5,5,5,6,7,7,6,635,195,231050,39,31,8,32,32,1,0,32,1,19,18,48,52,15.252,76,3,36.433792,-119.923538,7.362,5,600,58,3,"e00fce6876826e255108c6bd",2026-09-25 14:50:03.374,2026-09-25 14:50:03.546,2026-09-25 14:50:03.546,2026-09-25
"878","0rJWb5WWCh","MOOSPMv3Parser",1790347801,29,25,22,42,37,23,23,44,44,23,5164,1472,167270,252,168,13,169,169,17,81,169,0,17,18,82,78,5.285,130,1,36.523392,-119.279198,50.119999,7,599,58,3,"e00fce68f12da1a0c5de6248",2026-09-25 14:50:04.353,2026-09-25 14:50:04.577,2026-09-25 14:50:04.577,2026-09-25
"879","3sdb2ocqYk","MOOSPMv3Parser",1790347800,5,5,5,7,7,5,5,8,8,5,1126,286,333884,48,38,2,38,38,17,45,38,0,21,17,42,52,22.061,187,2,36.138939,-120.368362,178.819,7,600,58,3,"e00fce6850cac69f647dc199",2026-09-25 14:50:04.419,2026-09-25 14:50:04.666,2026-09-25 14:50:04.666,2026-09-25
"880","79qYLXxH4x","MOOSPMv3Parser",1790347801,3,3,0,6,6,0,0,6,6,0,817,232,219311,41,0,3,0,0,21,27,0,0,23,23,36,37,29.661,88,3277,6.4e-05,0.002307,13161.265625,9,600,58,3,"e00fce68e28dcbc9a589be10",2026-09-25 14:50:09.854,2026-09-25 14:50:10.015,2026-09-25 14:50:10.015,2026-09-25
"881","FDlY8TB3hw","MOOSPMv3Parser",1790347800,4,4,2,5,5,3,3,5,5,3,1720,241,85664,28,19,2,19,19,17,48,19,0,18,18,51,54,20.952,216,2,36.503128,-120.325394,50.737,8,600,58,3,"e00fce68e77e43df92405fdb",2026-09-25 14:50:31.292,2026-09-25 14:50:31.473,2026-09-25 14:50:31.473,2026-09-25
"882","G6Y82jzO2j","MOOSPMv3Parser",1790348400,3,3,0,5,5,0,0,6,6,0,956,194,0,38,0,4,0,0,20,35,0,2,20,21,42,43,6.058,168,8,36.187492,-119.822037,24.061001,8,600,58,3,"e00fce68e739ecbcf9e91965",2026-09-25 15:00:02.858,2026-09-25 15:00:03.386,2026-09-25 15:00:03.386,2026-09-25
"883","PnHbAzL6NJ","MOOSPMv3Parser",1790348401,16,16,10,24,24,10,10,25,25,10,3118,859,286131,153,75,9,76,76,18,63,76,0,20,20,58,57,6.734,202,1,35.949554,-119.050194,94.264999,7,600,58,3,"e00fce6808784ceaf209f949",2026-09-25 15:00:03.256,2026-09-25 15:00:03.556,2026-09-25 15:00:03.556,2026-09-25
"884","YFcMWhruaq","MOOSPMv3Parser",1790348400,6,6,6,9,9,6,7,10,10,7,1523,347,190719,61,45,5,45,45,20,47,45,1,21,22,44,45,11.191,119,1,35.775009,-119.238518,79.708,9,599,58,3,"e00fce68e88237db75a60608",2026-09-25 15:00:03.227,2026-09-25 15:00:03.658,2026-09-25 15:00:03.658,2026-09-25
"885","694NuF2QbC","MOOSPMv3Parser",1790348401,3,3,7,6,6,8,8,7,7,9,436,328,150707,64,57,8,57,57,19,48,57,1,21,20,57,53,7.89,161,1,35.963303,-119.291885,62.355,7,600,58,3,"e00fce68d6b773b56ce8baa0",2026-09-25 15:00:03.551,2026-09-25 15:00:03.791,2026-09-25 15:00:03.791,2026-09-25
"886","ki72YUfp8H","MOOSPMv3Parser",1790348401,0,0,2,2,2,3,3,2,2,3,288,188,63527,31,19,2,19,19,19,41,19,1,19,20,45,44,16.325,143,2,36.198708,-120.104385,58.341999,8,600,58,3,"e00fce686dc2ef0a68fa40b0",2026-09-25 15:00:03.559,2026-09-25 15:00:03.913,2026-09-25 15:00:03.913,2026-09-25
"887","WJAEz7M6yk","MOOSPMv3Parser",1790348401,30,25,22,44,38,24,24,46,45,24,5301,1511,167424,263,176,15,177,177,17,80,177,0,18,18,78,75,6.555,144,1,36.523167,-119.279137,86.444,7,599,58,3,"e00fce68f12da1a0c5de6248",2026-09-25 15:00:03.497,2026-09-25 15:00:04.012,2026-09-25 15:00:04.012,2026-09-25
"888","X7A8QXbjUv","MOOSPMv3Parser",1790348401,3,3,5,7,7,9,11,11,11,13,786,242,231079,60,35,12,39,39,0,0,40,1,20,19,46,51,15.337,76,3,36.433662,-119.923508,29.434,6,600,58,3,"e00fce6876826e255108c6bd",2026-09-25 15:00:03.686,2026-09-25 15:00:04.083,2026-09-25 15:00:04.083,2026-09-25
"889","3BQ7OyG17E","MOOSPMv3Parser",1790348401,3,3,0,5,5,0,0,6,6,0,820,229,219311,36,0,3,0,0,22,27,0,0,23,24,37,37,28.694,104,3277,6.4e-05,0.002307,13161.265625,9,600,58,3,"e00fce68e28dcbc9a589be10",2026-09-25 15:00:09.911,2026-09-25 15:00:10.126,2026-09-25 15:00:10.126,2026-09-25
"890","ue10ZtnkLE","MOOSPMv3Parser",1790348400,4,4,2,5,5,3,3,5,5,3,1932,256,85680,29,19,1,19,19,18,45,19,0,19,19,49,51,21.824,211,2,36.503113,-120.325401,72.136002,7,600,58,3,"e00fce68e77e43df92405fdb",2026-09-25 15:01:00.132,2026-09-25 15:01:00.331,2026-09-25 15:01:00.331,2026-09-25
"891","yB6xjakLV3","MOOSPMv3Parser",1790349000,3,3,0,5,5,0,0,5,5,0,922,183,0,32,0,4,0,0,20,34,0,2,21,22,42,42,14.227,119,77,36.187531,-119.822075,28.247999,7,600,58,3,"e00fce68e739ecbcf9e91965",2026-09-25 15:10:02.767,2026-09-25 15:10:02.959,2026-09-25 15:10:02.959,2026-09-25
"892","1BvJCgjlH6","MOOSPMv3Parser",1790349001,2,2,7,6,6,8,8,7,7,8,429,325,150753,65,55,9,55,55,19,47,55,1,21,20,57,52,8.624,156,1,35.963234,-119.29184,61.057999,6,600,58,3,"e00fce68d6b773b56ce8baa0",2026-09-25 15:10:03.292,2026-09-25 15:10:03.469,2026-09-25 15:10:03.469,2026-09-25
"893","s1FkKHG951","MOOSPMv3Parser",1790349000,6,6,6,9,9,6,6,9,9,6,1540,345,190756,60,43,4,43,43,21,44,43,0,22,22,42,43,11.763,113,1,35.775024,-119.238426,66.977997,7,599,58,3,"e00fce68e88237db75a60608",2026-09-25 15:10:03.371,2026-09-25 15:10:03.522,2026-09-25 15:10:03.522,2026-09-25
"894","boHu8CJ0pv","MOOSPMv3Parser",1790349001,4,4,6,9,9,13,19,13,13,21,842,260,231099,68,37,18,44,46,0,0,46,1,21,19,45,50,15.392,76,4,36.433746,-119.923485,40.209999,9,600,58,3,"e00fce6876826e255108c6bd",2026-09-25 15:10:03.372,2026-09-25 15:10:03.524,2026-09-25 15:10:03.524,2026-09-25
"895","QcA2BiiSxD","MOOSPMv3Parser",1790349001,27,24,20,39,35,21,21,42,42,21,4807,1364,167281,243,156,13,156,156,18,78,156,0,19,19,74,72,7.515,171,1,36.523167,-119.279137,86.448997,0,600,58,3,"e00fce68f12da1a0c5de6248",2026-09-25 15:10:03.318,2026-09-25 15:10:03.556,2026-09-25 15:10:03.556,2026-09-25
"896","Dtmkd2kqTy","MOOSPMv3Parser",1790349001,15,15,9,22,22,9,9,23,23,9,2906,799,286195,135,70,8,70,70,19,60,70,0,20,21,55,54,7.754,194,1,35.949554,-119.049942,108.372002,4,600,58,3,"e00fce6808784ceaf209f949",2026-09-25 15:10:03.572,2026-09-25 15:10:03.73,2026-09-25 15:10:03.73,2026-09-25
"897","YjTfAomixz","MOOSPMv3Parser",1790349001,0,0,2,1,1,2,2,1,1,2,269,172,63540,26,16,2,16,16,19,40,16,1,20,21,42,42,16.911,138,2,36.198879,-120.104431,86.098999,7,600,58,3,"e00fce686dc2ef0a68fa40b0",2026-09-25 15:10:03.802,2026-09-25 15:10:03.964,2026-09-25 15:10:03.964,2026-09-25
"898","er14BDnClr","MOOSPMv3Parser",1790349000,4,4,5,7,7,5,6,7,7,6,1075,270,332841,48,40,3,41,41,18,37,41,0,23,19,34,45,31.316,58,2,36.139,-120.368469,171.873001,8,602,58,3,"e00fce6850cac69f647dc199",2026-09-25 15:10:06.985,2026-09-25 15:10:07.168,2026-09-25 15:10:07.168,2026-09-25
"899","H3Nx8vELzw","MOOSPMv3Parser",1790349001,3,3,0,5,5,0,0,6,6,0,799,223,219311,39,0,3,0,0,22,29,0,0,23,25,41,39,27.363,129,3277,6.4e-05,0.002307,13161.265625,9,600,58,3,"e00fce68e28dcbc9a589be10",2026-09-25 15:10:15.125,2026-09-25 15:10:15.279,2026-09-25 15:10:15.279,2026-09-25
"900","JDJ4E7yuki","MOOSPMv3Parser",1790349601,0,0,2,0,0,2,2,0,0,2,223,132,63552,20,15,2,15,15,20,38,15,1,21,21,38,39,20.874,50,2,36.198879,-120.104431,86.102997,0,600,58,3,"e00fce686dc2ef0a68fa40b0",2026-09-25 15:20:02.842,2026-09-25 15:20:03.022,2026-09-25 15:20:03.022,2026-09-25
"901","eehsjrpJBg","MOOSPMv3Parser",1790349600,2,2,0,5,5,0,0,5,5,0,903,175,0,33,0,4,0,0,20,33,0,2,21,22,41,41,15.913,104,141,36.187489,-119.822029,31.797001,8,600,58,3,"e00fce68e739ecbcf9e91965",2026-09-25 15:20:02.851,2026-09-25 15:20:03.101,2026-09-25 15:20:03.101,2026-09-25
"902","PyjsBXABn0","MOOSPMv3Parser",1790349600,3,3,2,4,4,3,3,4,4,3,1277,190,86286,25,18,1,18,18,18,41,19,0,19,19,46,48,26.27,149,2,36.503101,-120.325348,47.037998,8,596,58,3,"e00fce68e77e43df92405fdb",2026-09-25 15:20:02.89,2026-09-25 15:20:03.172,2026-09-25 15:20:03.172,2026-09-25
"903","FWoRMmpCB9","MOOSPMv3Parser",1790349601,14,14,8,21,21,9,9,22,22,9,2697,744,286255,133,66,8,66,66,20,57,66,0,21,22,54,52,8.542,192,1,35.949619,-119.05011,112.764,6,600,58,3,"e00fce6808784ceaf209f949",2026-09-25 15:20:03.198,2026-09-25 15:20:03.384,2026-09-25 15:20:03.384,2026-09-25
"904","amFdrdBEoi","MOOSPMv3Parser",1790349600,7,7,6,10,10,6,6,11,11,6,1724,386,190795,66,45,5,45,45,21,41,45,0,22,23,41,40,12.34,106,1,35.775063,-119.238609,63.710999,13,599,58,3,"e00fce68e88237db75a60608",2026-09-25 15:20:03.226,2026-09-25 15:20:03.395,2026-09-25 15:20:03.395,2026-09-25
"905","z7AeTKJ8Bv","MOOSPMv3Parser",1790349601,28,24,21,40,36,22,22,42,42,22,4991,1414,167422,238,161,12,161,161,18,77,161,0,19,19,73,71,7.502,173,1,36.523403,-119.278778,79.626999,5,600,58,3,"e00fce68f12da1a0c5de6248",2026-09-25 15:20:03.298,2026-09-25 15:20:03.584,2026-09-25 15:20:03.584,2026-09-25
"906","MUVPitoq2l","MOOSPMv3Parser",1790349601,3,3,5,7,7,11,16,11,11,19,779,238,231116,58,33,14,39,41,1,0,41,1,22,20,43,49,15.524,76,4,36.433601,-119.923325,48.644001,8,600,58,3,"e00fce6876826e255108c6bd",2026-09-25 15:20:03.527,2026-09-25 15:20:03.704,2026-09-25 15:20:03.704,2026-09-25
"907","N4ZbZ3C4g5","MOOSPMv3Parser",1790349601,3,3,9,9,9,11,13,11,11,14,486,374,150806,82,66,13,69,69,20,46,69,1,21,21,57,49,8.682,154,1,35.963238,-119.291847,35.631001,5,600,58,3,"e00fce68d6b773b56ce8baa0",2026-09-25 15:20:03.701,2026-09-25 15:20:03.873,2026-09-25 15:20:03.873,2026-09-25
"908","UBm1FafF5i","MOOSPMv3Parser",1790349600,5,5,5,7,7,5,5,8,8,5,1142,285,333983,47,37,3,37,37,19,37,37,0,24,20,34,44,32.113,46,3,36.139,-120.368469,171.869003,0,600,58,3,"e00fce6850cac69f647dc199",2026-09-25 15:20:06.036,2026-09-25 15:20:06.263,2026-09-25 15:20:06.263,2026-09-25
"909","9HBCo7bpdB","MOOSPMv3Parser",1790349601,4,4,0,6,6,0,0,7,7,0,843,244,219311,44,0,3,0,0,22,29,0,0,22,25,41,38,23.926,209,3277,6.4e-05,0.002307,13161.265625,9,600,58,3,"e00fce68e28dcbc9a589be10",2026-09-25 15:20:10.07,2026-09-25 15:20:10.245,2026-09-25 15:20:10.245,2026-09-25
"910","v4wPx9cJrn","MOOSPMv3Parser",1790350200,3,3,0,5,5,0,0,6,6,0,949,194,0,38,0,6,0,0,21,32,0,2,21,23,41,41,14.112,124,137,36.187569,-119.822021,29.577999,7,600,58,3,"e00fce68e739ecbcf9e91965",2026-09-25 15:30:02.612,2026-09-25 15:30:02.813,2026-09-25 15:30:02.813,2026-09-25
"911","Vf46YaCNhP","MOOSPMv3Parser",1790350200,3,3,2,4,4,3,3,4,4,3,1306,192,85726,24,18,2,18,18,19,40,18,1,20,20,44,47,27.225,145,3,36.503181,-120.325401,62.542999,10,600,58,3,"e00fce68e77e43df92405fdb",2026-09-25 15:30:02.849,2026-09-25 15:30:03.052,2026-09-25 15:30:03.052,2026-09-25
"912","IUWWhVsZz2","MOOSPMv3Parser",1790350201,0,0,2,0,0,3,3,0,0,3,214,125,63566,19,18,2,18,18,20,36,18,1,22,21,37,38,21.9,19,3,36.199146,-120.104485,116.577003,6,600,58,3,"e00fce686dc2ef0a68fa40b0",2026-09-25 15:30:03.073,2026-09-25 15:30:03.261,2026-09-25 15:30:03.261,2026-09-25
"913","6PCvWbZIHa","MOOSPMv3Parser",1790350201,29,25,20,42,37,21,21,44,44,21,5126,1457,167561,255,159,13,160,160,18,75,160,0,20,20,70,69,8.396,172,1,36.523411,-119.278763,75.007004,6,600,58,3,"e00fce68f12da1a0c5de6248",2026-09-25 15:30:03.238,2026-09-25 15:30:03.403,2026-09-25 15:30:03.403,2026-09-25
"914","7yzuOAE2Ue","MOOSPMv3Parser",1790350201,3,3,7,6,6,9,10,7,7,10,428,324,150848,67,52,9,54,54,20,44,54,1,21,22,57,47,10.295,145,1,35.963345,-119.291977,58.469002,6,600,58,3,"e00fce68d6b773b56ce8baa0",2026-09-25 15:30:03.291,2026-09-25 15:30:03.454,2026-09-25 15:30:03.454,2026-09-25
"915","a0W2pSnbfB","MOOSPMv3Parser",1790350200,6,6,5,9,9,6,6,10,10,6,1552,352,190832,59,42,5,42,43,22,39,43,0,22,24,41,39,14.758,96,1,35.775059,-119.238457,68.879997,9,599,58,3,"e00fce68e88237db75a60608",2026-09-25 15:30:03.257,2026-09-25 15:30:03.464,2026-09-25 15:30:03.464,2026-09-25
"916","xGEDlyYdLA","MOOSPMv3Parser",1790350201,13,13,8,19,19,8,8,20,20,8,2478,684,286304,122,60,6,60,60,20,54,60,0,21,22,53,50,9.576,186,1,35.949566,-119.049957,120.294998,6,600,58,3,"e00fce6808784ceaf209f949",2026-09-25 15:30:03.317,2026-09-25 15:30:03.506,2026-09-25 15:30:03.506,2026-09-25
"917","aPpMZbE1fU","MOOSPMv3Parser",1790350201,2,2,3,5,5,6,9,7,7,10,560,171,231133,38,23,7,26,27,0,0,27,1,22,21,42,47,17.008,76,8,36.433659,-119.923386,20.816999,4,600,58,3,"e00fce6876826e255108c6bd",2026-09-25 15:30:03.608,2026-09-25 15:30:03.79,2026-09-25 15:30:03.79,2026-09-25
"918","DKsSCmPJ26","MOOSPMv3Parser",1790350200,5,5,5,8,8,5,5,8,8,5,1181,297,334015,54,38,3,38,38,20,33,38,0,26,22,32,40,33.03,59,3,36.139053,-120.368408,178.229996,6,600,58,3,"e00fce6850cac69f647dc199",2026-09-25 15:30:06.118,2026-09-25 15:30:06.311,2026-09-25 15:30:06.311,2026-09-25
"919","GNtR87D2l4","MOOSPMv3Parser",1790350201,4,4,0,6,6,0,0,7,7,0,879,247,219311,43,0,3,0,0,22,27,0,0,23,25,38,36,24.942,247,3277,6.4e-05,0.002307,13161.265625,9,600,58,3,"e00fce68e28dcbc9a589be10",2026-09-25 15:30:09.804,2026-09-25 15:30:09.96,2026-09-25 15:30:09.96,2026-09-25
"920","sWuLc0Jbkm","MOOSPMv3Parser",1790350800,2,2,0,4,4,0,0,5,5,0,879,181,0,30,0,3,0,0,21,32,0,2,22,23,40,40,12.167,168,75,36.187546,-119.822083,24.636999,6,600,58,3,"e00fce68e739ecbcf9e91965",2026-09-25 15:40:02.768,2026-09-25 15:40:02.999,2026-09-25 15:40:02.999,2026-09-25
"921","BT70F8AFcA","MOOSPMv3Parser",1790350800,5,5,4,8,8,5,5,8,8,5,1543,311,190863,50,35,4,35,35,23,36,35,0,23,25,39,38,14.727,93,1,35.775063,-119.238472,72.778,10,599,58,3,"e00fce68e88237db75a60608",2026-09-25 15:40:03.228,2026-09-25 15:40:03.373,2026-09-25 15:40:03.373,2026-09-25
"922","1CYHyyx6jF","MOOSPMv3Parser",1790350801,1,1,2,2,2,3,4,3,3,5,384,118,231149,22,16,3,17,18,0,0,18,1,22,21,42,46,17.239,77,13,36.43359,-119.923393,21.815001,8,600,58,3,"e00fce6876826e255108c6bd",2026-09-25 15:40:03.366,2026-09-25 15:40:03.537,2026-09-25 15:40:03.537,2026-09-25
"923","PKxQjIZGz6","MOOSPMv3Parser",1790350801,14,14,8,21,21,9,9,21,21,9,2691,742,286360,127,65,8,66,66,21,51,66,0,22,23,50,48,10.687,182,1,35.949554,-119.049965,115.093002,8,600,58,3,"e00fce6808784ceaf209f949",2026-09-25 15:40:03.487,2026-09-25 15:40:03.686,2026-09-25 15:40:03.686,2026-09-25
"924","POPGtCdqFY","MOOSPMv3Parser",1790350801,3,3,9,8,8,13,17,9,9,19,441,338,150895,76,63,13,67,68,21,42,69,1,21,23,57,44,11.71,138,1,35.96352,-119.291786,61.437,7,600,58,3,"e00fce68d6b773b56ce8baa0",2026-09-25 15:40:03.536,2026-09-25 15:40:03.715,2026-09-25 15:40:03.715,2026-09-25
"925","sfbpASDKLj","MOOSPMv3Parser",1790350801,0,0,2,0,0,3,3,0,0,3,200,114,63579,17,15,2,16,16,20,36,16,1,22,22,37,38,21.964,18,4,36.199104,-120.104424,102.803001,6,600,58,3,"e00fce686dc2ef0a68fa40b0",2026-09-25 15:40:03.571,2026-09-25 15:40:03.803,2026-09-25 15:40:03.803,2026-09-25
"926","tnRVDKWP5M","MOOSPMv3Parser",1790350800,4,4,4,7,7,5,5,7,7,5,1134,283,334047,49,35,3,35,35,22,30,35,0,27,24,30,36,39.846,18,4,36.138981,-120.368362,165.738007,8,600,58,3,"e00fce6850cac69f647dc199",2026-09-25 15:40:06.108,2026-09-25 15:40:06.281,2026-09-25 15:40:06.281,2026-09-25
"927","yrpIzxnT7L","MOOSPMv3Parser",1790350801,5,5,0,7,7,0,0,8,8,0,982,279,219311,49,0,4,0,0,23,26,0,0,24,26,36,35,26.949,185,3277,6.4e-05,0.002307,13161.265625,9,600,58,3,"e00fce68e28dcbc9a589be10",2026-09-25 15:40:09.82,2026-09-25 15:40:10.033,2026-09-25 15:40:10.033,2026-09-25
"928","hue0PLPETq","MOOSPMv3Parser",1790350801,27,24,20,39,35,21,21,41,41,21,4825,1367,167975,240,154,13,155,155,19,74,155,0,20,20,69,68,8.148,179,1,36.523319,-119.278778,85.642998,5,599,58,3,"e00fce68f12da1a0c5de6248",2026-09-25 15:40:19.786,2026-09-25 15:40:19.963,2026-09-25 15:40:19.963,2026-09-25
"929","sAtF4A5ST6","MOOSPMv3Parser",1790351401,2,2,2,3,3,2,2,3,3,3,1268,160,85753,21,15,2,16,16,20,36,16,1,22,22,40,44,31.037,121,4,36.503174,-120.325378,57.160999,9,600,58,3,"e00fce68e77e43df92405fdb",2026-09-25 15:50:02.791,2026-09-25 15:50:02.973,2026-09-25 15:50:02.973,2026-09-25
"930","dvbFrMv5NK","MOOSPMv3Parser",1790351400,2,2,0,4,4,0,0,5,5,0,769,158,0,30,0,3,0,0,22,31,0,2,22,24,39,39,13.105,151,84,36.187634,-119.822083,30.318001,8,600,58,3,"e00fce68e739ecbcf9e91965",2026-09-25 15:50:02.767,2026-09-25 15:50:02.986,2026-09-25 15:50:02.986,2026-09-25
"931","x8Yf8PWYey","MOOSPMv3Parser",1790351400,4,4,3,6,6,4,4,6,6,4,1133,234,190569,35,26,3,27,27,23,32,27,0,23,25,36,34,18.886,60,1,35.775063,-119.238472,72.779999,0,600,58,3,"e00fce68e88237db75a60608",2026-09-25 15:50:03.149,2026-09-25 15:50:03.28,2026-09-25 15:50:03.28,2026-09-25
"932","yvZliNkBxD","MOOSPMv3Parser",1790351401,30,26,21,43,38,22,22,46,45,22,5455,1544,168118,252,163,14,164,164,19,73,164,0,20,21,67,66,7.017,217,1,36.5233,-119.278854,83.808998,6,599,58,3,"e00fce68f12da1a0c5de6248",2026-09-25 15:50:03.237,2026-09-25 15:50:03.415,2026-09-25 15:50:03.415,2026-09-25
"933","HjJJmSvZKo","MOOSPMv3Parser",1790351401,2,2,6,5,5,6,6,6,6,6,403,298,150931,57,44,7,44,44,22,40,44,1,21,24,57,41,12.14,134,2,35.963261,-119.291809,54.720001,7,600,58,3,"e00fce68d6b773b56ce8baa0",2026-09-25 15:50:03.288,2026-09-25 15:50:03.442,2026-09-25 15:50:03.442,2026-09-25
"934","7bqnKPsR0c","MOOSPMv3Parser",1790351401,14,14,8,20,20,9,9,21,21,9,2706,742,286415,123,65,8,65,65,22,50,65,0,22,24,51,49,11.662,174,1,35.94968,-119.049988,126.345001,7,600,58,3,"e00fce6808784ceaf209f949",2026-09-25 15:50:03.325,2026-09-25 15:50:03.49,2026-09-25 15:50:03.49,2026-09-25
"935","NuEIOLGxun","MOOSPMv3Parser",1790351401,1,1,2,3,3,4,4,5,5,5,437,134,231165,29,18,6,19,19,0,0,19,1,23,22,41,44,16.91,77,14,36.433674,-119.923347,31.385,7,600,58,3,"e00fce6876826e255108c6bd",2026-09-25 15:50:03.488,2026-09-25 15:50:03.635,2026-09-25 15:50:03.635,2026-09-25
"936","ZTH4VXi7Ut","MOOSPMv3Parser",1790351401,0,0,2,0,0,2,3,0,0,3,189,105,63590,15,14,2,15,15,21,36,15,1,23,23,36,38,21.125,16,4,36.198788,-120.104408,76.446999,6,600,58,3,"e00fce686dc2ef0a68fa40b0",2026-09-25 15:50:03.874,2026-09-25 15:50:04.027,2026-09-25 15:50:04.027,2026-09-25
"937","Jaz6AEuEGf","MOOSPMv3Parser",1790351400,5,5,4,7,7,4,4,7,7,4,1115,278,334079,44,32,3,32,32,23,25,32,0,29,26,26,32,44.695,8,4,36.138954,-120.36837,163.940994,6,600,58,3,"e00fce6850cac69f647dc199",2026-09-25 15:50:06.175,2026-09-25 15:50:06.342,2026-09-25 15:50:06.342,2026-09-25
"938","lj2RKp23pj","MOOSPMv3Parser",1790351401,4,4,0,6,6,0,0,7,7,0,931,262,219311,44,0,3,0,0,23,26,0,0,25,26,35,35,27.773,170,3277,6.4e-05,0.002307,13161.265625,9,600,58,3,"e00fce68e28dcbc9a589be10",2026-09-25 15:50:09.835,2026-09-25 15:50:09.991,2026-09-25 15:50:09.991,2026-09-25
"939","MWp6IEtRsh","MOOSPMv3Parser",1790352000,2,2,0,4,4,0,0,4,4,0,731,160,0,30,0,3,0,0,22,30,0,2,23,25,38,38,12.818,140,74,36.18755,-119.822166,13.955,8,600,58,3,"e00fce68e739ecbcf9e91965",2026-09-25 16:00:02.676,2026-09-25 16:00:03.164,2026-09-25 16:00:03.164,2026-09-25
"940","tJeOWRAwKW","MOOSPMv3Parser",1790352001,0,0,2,0,0,2,2,0,0,2,178,95,63600,14,13,2,13,13,22,34,13,1,24,24,34,34,19.377,23,4,36.198799,-120.104462,77.821999,9,600,58,3,"e00fce686dc2ef0a68fa40b0",2026-09-25 16:00:02.828,2026-09-25 16:00:03.523,2026-09-25 16:00:03.523,2026-09-25
"941","aO93Kuib0o","MOOSPMv3Parser",1790352001,13,13,8,19,19,8,8,20,20,8,2538,694,286466,122,60,8,60,60,22,46,60,0,23,25,49,45,12.063,168,1,35.949558,-119.04995,116.5,6,600,58,3,"e00fce6808784ceaf209f949",2026-09-25 16:00:03.245,2026-09-25 16:00:03.629,2026-09-25 16:00:03.629,2026-09-25
"942","Utmbzg2uZi","MOOSPMv3Parser",1790352000,3,3,3,5,5,4,4,5,5,4,1064,211,190908,35,25,2,25,25,23,31,25,0,23,26,36,34,20.573,42,2,35.775055,-119.23851,66.226997,9,599,58,3,"e00fce68e88237db75a60608",2026-09-25 16:00:03.284,2026-09-25 16:00:03.753,2026-09-25 16:00:03.753,2026-09-25
"943","UtdbqehMws","MOOSPMv3Parser",1790352001,2,2,5,6,6,11,15,9,9,18,642,195,231183,50,30,13,36,37,1,0,37,1,23,23,41,44,17.492,77,13,36.433605,-119.923416,29.025999,6,600,58,3,"e00fce6876826e255108c6bd",2026-09-25 16:00:03.527,2026-09-25 16:00:03.952,2026-09-25 16:00:03.952,2026-09-25
"944","LJEC90Gwdi","MOOSPMv3Parser",1790352001,1,1,5,4,4,6,7,5,5,7,372,273,150966,54,42,7,42,43,22,37,43,1,21,25,57,38,13.959,119,2,35.963051,-119.291901,44.191002,8,600,58,3,"e00fce68d6b773b56ce8baa0",2026-09-25 16:00:03.518,2026-09-25 16:00:04.066,2026-09-25 16:00:04.066,2026-09-25
"945","nTwvbYVX4r","MOOSPMv3Parser",1790352001,2,2,2,3,3,2,3,4,4,3,1296,172,85766,23,16,1,16,16,21,34,16,0,22,22,38,41,31.024,128,5,36.503174,-120.325378,57.158001,0,600,58,3,"e00fce68e77e43df92405fdb",2026-09-25 16:00:03.08,2026-09-25 16:00:04.234,2026-09-25 16:00:04.234,2026-09-25
"946","4OXJIhthja","MOOSPMv3Parser",1790352001,23,22,17,34,32,18,18,36,36,18,4226,1199,168235,199,132,11,133,133,20,70,133,0,21,21,64,62,10.43,185,1,36.523388,-119.278717,69.120003,7,599,58,3,"e00fce68f12da1a0c5de6248",2026-09-25 16:00:04.011,2026-09-25 16:00:04.501,2026-09-25 16:00:04.501,2026-09-25
"947","6GcZELtEnM","MOOSPMv3Parser",1790352000,5,5,4,7,7,4,4,7,7,4,1092,276,334110,45,33,2,33,33,25,23,33,0,30,28,25,30,48.042,4,5,36.139065,-120.368439,155.444,9,600,58,3,"e00fce6850cac69f647dc199",2026-09-25 16:00:06.25,2026-09-25 16:00:06.424,2026-09-25 16:00:06.424,2026-09-25
"948","2jZDdIVGjo","MOOSPMv3Parser",1790352001,4,4,0,6,6,0,0,6,6,0,847,239,219311,42,0,3,0,0,24,24,0,0,25,27,33,33,29.694,132,3277,6.4e-05,0.002307,13161.265625,9,600,58,3,"e00fce68e28dcbc9a589be10",2026-09-25 16:00:09.992,2026-09-25 16:00:10.214,2026-09-25 16:00:10.214,2026-09-25
"949","aQaP4mRcJc","MOOSPMv3Parser",1790352600,2,2,0,5,5,0,0,5,5,0,796,177,0,37,0,5,0,0,23,29,0,2,24,25,37,37,16.288,93,120,36.18755,-119.822166,13.956,0,600,58,3,"e00fce68e739ecbcf9e91965",2026-09-25 16:10:02.687,2026-09-25 16:10:02.877,2026-09-25 16:10:02.877,2026-09-25
"950","FjE9YagEXY","MOOSPMv3Parser",1790352601,15,15,9,22,22,9,9,23,23,9,2845,783,286526,134,69,8,69,69,23,42,69,0,23,26,46,41,13.219,165,1,35.949558,-119.049934,121.101997,7,600,58,3,"e00fce6808784ceaf209f949",2026-09-25 16:10:03.129,2026-09-25 16:10:03.276,2026-09-25 16:10:03.276,2026-09-25
"951","jNkPvzBp2L","MOOSPMv3Parser",1790352601,0,0,2,0,0,2,3,0,0,3,176,91,63610,15,13,2,14,14,23,34,14,1,24,25,34,34,20.777,22,4,36.198864,-120.104385,86.765999,7,600,58,3,"e00fce686dc2ef0a68fa40b0",2026-09-25 16:10:03.1,2026-09-25 16:10:03.287,2026-09-25 16:10:03.287,2026-09-25
"952","xMM1UZckut","MOOSPMv3Parser",1790352600,3,3,3,5,5,3,4,5,5,4,1066,211,190931,35,25,2,25,25,24,29,25,0,24,27,35,33,22.277,41,2,35.775078,-119.238495,67.755997,11,599,58,3,"e00fce68e88237db75a60608",2026-09-25 16:10:03.152,2026-09-25 16:10:03.313,2026-09-25 16:10:03.313,2026-09-25
"953","srm2z2vs6R","MOOSPMv3Parser",1790352601,1,1,5,5,5,6,6,5,5,6,377,278,150998,54,39,7,40,40,23,36,40,1,23,25,41,37,14.999,115,3,35.963154,-119.291824,35.472,11,600,58,3,"e00fce68d6b773b56ce8baa0",2026-09-25 16:10:03.217,2026-09-25 16:10:03.357,2026-09-25 16:10:03.357,2026-09-25
"954","iMbaITnpNu","MOOSPMv3Parser",1790352601,23,22,17,33,32,17,17,35,35,17,4256,1202,168348,195,130,9,131,131,20,68,131,0,21,22,62,61,12.066,170,1,36.523403,-119.278786,76.324997,7,599,58,3,"e00fce68f12da1a0c5de6248",2026-09-25 16:10:03.398,2026-09-25 16:10:03.563,2026-09-25 16:10:03.563,2026-09-25
"955","f0OIIqaXx3","MOOSPMv3Parser",1790352601,2,2,4,5,5,9,13,8,8,15,561,171,231199,45,23,11,29,30,0,0,30,1,23,23,41,44,17.638,77,14,36.433617,-119.923271,37.244999,5,600,58,3,"e00fce6876826e255108c6bd",2026-09-25 16:10:03.511,2026-09-25 16:10:03.671,2026-09-25 16:10:03.671,2026-09-25
"956","jmzHBdqGAZ","MOOSPMv3Parser",1790352601,2,2,2,3,3,3,3,3,3,3,1235,163,85781,20,17,1,17,17,21,33,17,1,22,22,38,41,32.322,113,5,36.503174,-120.325424,56.671001,12,600,58,3,"e00fce68e77e43df92405fdb",2026-09-25 16:10:03.708,2026-09-25 16:10:03.854,2026-09-25 16:10:03.854,2026-09-25
"957","LGyPLMCbxB","MOOSPMv3Parser",1790352600,4,4,4,6,6,4,4,7,7,4,1047,261,334140,45,30,2,30,30,26,21,30,0,31,29,24,29,100.955,4,5,36.139,-120.36837,179.218994,5,600,58,3,"e00fce6850cac69f647dc199",2026-09-25 16:10:06.423,2026-09-25 16:10:06.664,2026-09-25 16:10:06.664,2026-09-25
"958","oQlOQdCbDe","MOOSPMv3Parser",1790352601,3,3,0,4,4,0,0,5,5,0,705,198,219311,32,0,2,0,0,25,21,0,0,26,28,30,29,31.375,90,3277,6.4e-05,0.002307,13161.265625,9,600,58,3,"e00fce68e28dcbc9a589be10",2026-09-25 16:10:09.99,2026-09-25 16:10:10.249,2026-09-25 16:10:10.249,2026-09-25
"959","896wcXuY6D","MOOSPMv3Parser",1790353200,2,2,0,5,5,0,0,6,6,0,789,182,0,40,0,7,0,0,23,29,0,2,24,26,38,38,19.153,75,179,36.187626,-119.822189,10.569,9,600,58,3,"e00fce68e739ecbcf9e91965",2026-09-25 16:20:02.704,2026-09-25 16:20:02.893,2026-09-25 16:20:02.893,2026-09-25
"960","FB2Mry61xQ","MOOSPMv3Parser",1790353201,12,12,7,17,17,7,7,18,18,7,2252,616,286575,102,55,7,56,56,24,39,56,0,24,27,44,39,14.398,158,1,35.949745,-119.049927,132.828995,8,600,58,3,"e00fce6808784ceaf209f949",2026-09-25 16:20:03.266,2026-09-25 16:20:03.479,2026-09-25 16:20:03.479,2026-09-25
"961","MjXxN7Lkxu","MOOSPMv3Parser",1790353201,27,24,18,37,34,19,19,39,39,19,4782,1348,168471,205,140,12,140,140,20,67,140,0,22,22,60,59,12.161,170,2,36.523701,-119.278946,129.123993,6,599,58,3,"e00fce68f12da1a0c5de6248",2026-09-25 16:20:03.355,2026-09-25 16:20:03.566,2026-09-25 16:20:03.566,2026-09-25
"962","B6ahuem515","MOOSPMv3Parser",1790353201,0,0,2,0,0,2,3,0,0,3,174,90,63620,12,13,1,13,13,23,32,13,1,25,26,33,32,20.41,24,4,36.198898,-120.104416,73.572998,7,600,58,3,"e00fce686dc2ef0a68fa40b0",2026-09-25 16:20:03.411,2026-09-25 16:20:03.573,2026-09-25 16:20:03.573,2026-09-25
"963","0TFa7TZgsA","MOOSPMv3Parser",1790353201,1,1,5,5,5,6,6,5,5,6,389,285,151032,53,41,7,42,42,23,36,42,1,23,25,42,38,14.806,117,3,35.963173,-119.291824,35.995998,8,600,58,3,"e00fce68d6b773b56ce8baa0",2026-09-25 16:20:03.456,2026-09-25 16:20:03.633,2026-09-25 16:20:03.633,2026-09-25
"964","YHgxWrasiq","MOOSPMv3Parser",1790353200,3,3,3,5,5,3,3,5,5,3,1062,209,190952,35,23,2,24,24,24,28,24,0,24,27,35,32,21.783,42,2,35.775036,-119.238525,59.786999,9,599,58,3,"e00fce68e88237db75a60608",2026-09-25 16:20:03.473,2026-09-25 16:20:03.713,2026-09-25 16:20:03.713,2026-09-25
"965","9gHVnR8Ygq","MOOSPMv3Parser",1790353201,1,1,3,4,4,7,10,6,6,12,480,148,231214,35,19,7,23,23,0,0,24,1,24,24,40,43,18.271,77,14,36.433617,-119.923325,47.537998,6,600,58,3,"e00fce6876826e255108c6bd",2026-09-25 16:20:03.529,2026-09-25 16:20:03.742,2026-09-25 16:20:03.742,2026-09-25
"966","KxmwX3ARo5","MOOSPMv3Parser",1790353200,4,4,4,6,6,4,4,6,6,4,1055,256,334167,43,29,3,29,29,27,18,29,0,32,31,22,26,132.633,3,5,36.138947,-120.368362,177.151993,9,600,58,3,"e00fce6850cac69f647dc199",2026-09-25 16:20:05.96,2026-09-25 16:20:06.247,2026-09-25 16:20:06.247,2026-09-25
"967","Bv7BFyiRuY","MOOSPMv3Parser",1790353201,2,2,0,3,3,0,0,3,3,0,511,142,219311,26,0,2,0,0,26,21,0,0,26,29,31,30,32.506,39,3277,6.4e-05,0.002307,13161.265625,9,600,58,3,"e00fce68e28dcbc9a589be10",2026-09-25 16:20:10.07,2026-09-25 16:20:10.296,2026-09-25 16:20:10.296,2026-09-25
"968","cm01v9jHAN","MOOSPMv3Parser",1790353201,2,2,2,4,4,3,3,4,4,3,1312,181,85796,25,17,2,18,18,21,33,18,0,23,23,38,41,32.262,127,6,36.503136,-120.325386,61.202,11,600,58,3,"e00fce68e77e43df92405fdb",2026-09-25 16:21:38.456,2026-09-25 16:21:38.608,2026-09-25 16:21:38.608,2026-09-25
"969","mMrj96XKep","MOOSPMv3Parser",1790353800,1,1,0,3,3,0,0,3,3,0,583,126,0,26,0,2,0,0,24,29,0,2,25,26,38,38,18.306,71,170,36.187515,-119.822021,28.657,9,600,58,3,"e00fce68e739ecbcf9e91965",2026-09-25 16:30:02.69,2026-09-25 16:30:02.955,2026-09-25 16:30:02.955,2026-09-25
"970","AMVDYJOgoV","MOOSPMv3Parser",1790353801,2,2,2,4,4,3,3,4,4,3,1351,185,85811,24,17,3,18,18,22,33,18,1,23,24,39,41,31.481,124,5,36.50322,-120.325378,61.207001,9,600,58,3,"e00fce68e77e43df92405fdb",2026-09-25 16:30:02.86,2026-09-25 16:30:03.073,2026-09-25 16:30:03.073,2026-09-25
"971","JAxRh45cWY","MOOSPMv3Parser",1790353801,8,8,5,11,11,5,5,12,12,5,1601,435,286608,70,37,5,37,37,24,38,37,0,24,27,44,40,16.885,136,1,35.949745,-119.049927,132.828995,0,600,58,3,"e00fce6808784ceaf209f949",2026-09-25 16:30:03.177,2026-09-25 16:30:03.362,2026-09-25 16:30:03.362,2026-09-25
"972","G2m2Tq8OQY","MOOSPMv3Parser",1790353801,1,1,5,5,5,6,6,5,5,6,392,288,151065,56,40,6,41,41,23,35,41,1,23,26,40,36,14.97,116,3,35.963177,-119.291817,37.868,8,600,58,3,"e00fce68d6b773b56ce8baa0",2026-09-25 16:30:03.216,2026-09-25 16:30:03.395,2026-09-25 16:30:03.395,2026-09-25
"973","6LTAiEMgWK","MOOSPMv3Parser",1790353800,3,3,3,4,4,3,3,5,5,3,1029,193,190973,30,23,2,24,24,25,27,24,0,24,27,34,32,21.412,43,2,35.775017,-119.23851,76.307999,8,599,58,3,"e00fce68e88237db75a60608",2026-09-25 16:30:03.311,2026-09-25 16:30:03.521,2026-09-25 16:30:03.521,2026-09-25
"974","7OxBdIEn27","MOOSPMv3Parser",1790353801,25,23,17,36,33,18,18,38,37,18,4607,1300,168587,206,134,11,134,134,21,64,134,0,23,23,56,56,13.529,161,2,36.523312,-119.278862,70.150002,7,599,58,3,"e00fce68f12da1a0c5de6248",2026-09-25 16:30:03.305,2026-09-25 16:30:03.564,2026-09-25 16:30:03.564,2026-09-25
"975","UvQRHx5nI1","MOOSPMv3Parser",1790353801,1,1,2,3,3,5,7,4,4,9,366,112,231227,26,16,6,19,19,0,0,19,1,24,24,40,43,18.185,77,15,36.433674,-119.923317,36.047001,9,600,58,3,"e00fce6876826e255108c6bd",2026-09-25 16:30:03.607,2026-09-25 16:30:03.817,2026-09-25 16:30:03.817,2026-09-25
"976","ujiOCE44jJ","MOOSPMv3Parser",1790353801,0,0,1,0,0,2,2,0,0,2,166,85,63629,12,11,2,11,11,24,33,11,1,25,27,34,32,21.022,28,3,36.198914,-120.104462,95.730003,7,600,58,3,"e00fce686dc2ef0a68fa40b0",2026-09-25 16:30:03.726,2026-09-25 16:30:03.913,2026-09-25 16:30:03.913,2026-09-25
"977","wkErCksczJ","MOOSPMv3Parser",1790353800,4,4,4,6,6,4,4,7,7,4,1043,262,334195,45,30,2,30,30,28,16,30,0,33,32,21,26,512.847,4,5,36.138962,-120.368317,171.559998,8,600,58,3,"e00fce6850cac69f647dc199",2026-09-25 16:30:06.4,2026-09-25 16:30:06.563,2026-09-25 16:30:06.563,2026-09-25
"978","II8fr00KCL","MOOSPMv3Parser",1790353801,1,1,0,2,2,0,0,2,2,0,421,118,219311,20,0,2,0,0,26,20,0,0,27,30,30,28,30.299,55,3277,6.4e-05,0.002307,13161.265625,9,600,58,3,"e00fce68e28dcbc9a589be10",2026-09-25 16:30:10.072,2026-09-25 16:30:10.249,2026-09-25 16:30:10.249,2026-09-25
"979","7GmlXXxfhn","MOOSPMv3Parser",1790354400,2,2,0,4,4,0,0,5,5,0,679,151,0,33,0,7,0,0,24,30,0,2,25,27,39,38,18.21,60,181,36.187572,-119.822075,20.862,7,600,58,3,"e00fce68e739ecbcf9e91965",2026-09-25 16:40:02.686,2026-09-25 16:40:02.848,2026-09-25 16:40:02.848,2026-09-25
"980","mQz3ywPCUt","MOOSPMv3Parser",1790354401,0,0,2,0,0,2,3,0,0,3,159,77,63638,11,12,1,13,13,24,32,13,1,25,27,33,32,21.512,30,3,36.198891,-120.104393,61.953999,7,600,58,3,"e00fce686dc2ef0a68fa40b0",2026-09-25 16:40:02.98,2026-09-25 16:40:03.156,2026-09-25 16:40:03.156,2026-09-25
"981","pvVnrGIBby","MOOSPMv3Parser",1790354401,2,2,2,3,3,2,3,3,3,3,1272,156,85824,20,16,2,16,16,22,34,16,1,24,24,39,42,30.649,110,5,36.503178,-120.325325,66.690002,9,600,58,3,"e00fce68e77e43df92405fdb",2026-09-25 16:40:02.898,2026-09-25 16:40:03.215,2026-09-25 16:40:03.215,2026-09-25
"982","PdBg3m6488","MOOSPMv3Parser",1790354401,7,7,5,10,10,5,5,11,11,5,1517,408,286640,67,36,4,36,36,24,38,36,0,25,28,44,40,17.076,130,1,35.949566,-119.049957,112.412003,8,600,58,3,"e00fce6808784ceaf209f949",2026-09-25 16:40:03.14,2026-09-25 16:40:03.305,2026-09-25 16:40:03.305,2026-09-25
"983","gH9xW6FaBG","MOOSPMv3Parser",1790354401,20,19,15,28,28,16,16,30,30,16,3574,1010,168690,170,118,9,118,118,22,62,118,0,23,24,57,56,15.854,133,3,36.523342,-119.278778,90.664001,7,599,58,3,"e00fce68f12da1a0c5de6248",2026-09-25 16:40:03.295,2026-09-25 16:40:03.534,2026-09-25 16:40:03.534,2026-09-25
"984","ixnXCvN71c","MOOSPMv3Parser",1790354400,3,3,3,5,5,3,3,5,5,3,1100,210,190994,33,24,2,24,24,25,26,24,0,25,28,33,31,21.638,43,2,35.775078,-119.238495,77.440002,9,599,58,3,"e00fce68e88237db75a60608",2026-09-25 16:40:03.395,2026-09-25 16:40:03.614,2026-09-25 16:40:03.614,2026-09-25
"985","qMXuimexng","MOOSPMv3Parser",1790354401,1,1,5,4,4,5,6,4,4,6,362,264,151096,49,37,5,38,38,24,34,38,1,23,27,40,35,16.028,105,4,35.963177,-119.291817,37.870998,0,600,58,3,"e00fce68d6b773b56ce8baa0",2026-09-25 16:40:03.554,2026-09-25 16:40:03.788,2026-09-25 16:40:03.788,2026-09-25
"986","sNmvHlVa4L","MOOSPMv3Parser",1790354401,1,1,3,3,3,7,10,5,5,12,422,129,231241,31,18,8,22,23,0,0,23,1,24,25,41,43,18.118,78,15,36.433674,-119.923317,36.047001,0,600,58,3,"e00fce6876826e255108c6bd",2026-09-25 16:40:03.69,2026-09-25 16:40:03.847,2026-09-25 16:40:03.847,2026-09-25
"987","1upBKAfxZk","MOOSPMv3Parser",1790354400,4,4,4,6,6,4,4,7,7,4,1030,254,334219,42,30,2,30,30,29,15,30,0,34,33,20,24,415.914,7,4,36.13887,-120.36824,192.417999,7,600,58,3,"e00fce6850cac69f647dc199",2026-09-25 16:40:06.241,2026-09-25 16:40:06.467,2026-09-25 16:40:06.467,2026-09-25
"988","T4Oze7BSel","MOOSPMv3Parser",1790354401,1,1,0,2,2,0,0,2,2,0,408,113,219311,19,0,2,0,0,27,19,0,0,27,31,31,28,30.224,62,3277,6.4e-05,0.002307,13161.265625,9,600,58,3,"e00fce68e28dcbc9a589be10",2026-09-25 16:40:09.99,2026-09-25 16:40:10.173,2026-09-25 16:40:10.173,2026-09-25
"989","ZpMZ4fTkkX","MOOSPMv3Parser",1790355001,2,2,2,3,3,2,3,3,3,3,1336,148,85836,19,15,2,15,15,23,33,15,1,24,25,39,41,29.962,114,4,36.503132,-120.325356,55.887001,8,600,58,3,"e00fce68e77e43df92405fdb",2026-09-25 16:50:02.811,2026-09-25 16:50:03.01,2026-09-25 16:50:03.01,2026-09-25
"990","8Ta9NNF44K","MOOSPMv3Parser",1790355000,2,2,0,5,5,0,0,6,6,0,714,158,0,38,0,9,0,0,24,30,0,2,25,27,39,39,18.39,62,184,36.187572,-119.822006,24.629999,7,600,58,3,"e00fce68e739ecbcf9e91965",2026-09-25 16:50:02.858,2026-09-25 16:50:03.024,2026-09-25 16:50:03.024,2026-09-25
"991","Led5Hc4BqO","MOOSPMv3Parser",1790355001,0,0,1,0,0,2,2,0,0,2,160,81,63646,11,9,1,10,10,25,31,10,1,26,28,33,30,21.347,39,3,36.198906,-120.104462,83.916,9,600,58,3,"e00fce686dc2ef0a68fa40b0",2026-09-25 16:50:03.162,2026-09-25 16:50:03.352,2026-09-25 16:50:03.352,2026-09-25
"992","fORjijcOuc","MOOSPMv3Parser",1790355001,8,8,4,11,11,5,5,11,11,5,1555,419,286671,71,34,4,35,35,25,35,35,0,26,29,43,38,17.597,132,1,35.949589,-119.049889,118.056999,9,600,58,3,"e00fce6808784ceaf209f949",2026-09-25 16:50:03.22,2026-09-25 16:50:03.386,2026-09-25 16:50:03.386,2026-09-25
"993","YvoYHwxFYa","MOOSPMv3Parser",1790355001,19,19,15,26,26,16,16,28,28,16,3396,957,168511,162,116,7,117,117,22,59,117,0,23,25,55,52,16.199,127,4,36.523342,-119.278778,90.666,0,600,58,3,"e00fce68f12da1a0c5de6248",2026-09-25 16:50:03.237,2026-09-25 16:50:03.45,2026-09-25 16:50:03.45,2026-09-25
"994","wVvNV1Dypv","MOOSPMv3Parser",1790355000,3,3,3,5,5,3,3,6,6,4,1060,212,191013,35,23,4,24,24,26,25,24,0,25,29,33,30,23.199,43,2,35.77507,-119.238518,66.000999,10,599,58,3,"e00fce68e88237db75a60608",2026-09-25 16:50:03.393,2026-09-25 16:50:03.566,2026-09-25 16:50:03.566,2026-09-25
"995","ND3TnORHgv","MOOSPMv3Parser",1790355001,1,1,5,3,3,5,5,4,4,5,367,264,151126,49,36,5,37,37,24,33,37,1,24,27,38,34,16.312,102,4,35.963177,-119.291779,39.404999,12,600,58,3,"e00fce68d6b773b56ce8baa0",2026-09-25 16:50:03.368,2026-09-25 16:50:03.588,2026-09-25 16:50:03.588,2026-09-25
"996","0btMtUqqAp","MOOSPMv3Parser",1790355001,2,2,4,5,5,11,17,8,8,19,538,163,231250,44,21,12,28,29,0,0,30,1,25,25,42,44,17.166,78,14,36.433548,-119.923317,32.695999,8,600,58,3,"e00fce6876826e255108c6bd",2026-09-25 16:50:03.555,2026-09-25 16:50:03.826,2026-09-25 16:50:03.826,2026-09-25
"997","FVXlWFvihH","MOOSPMv3Parser",1790355000,4,4,3,5,5,3,3,5,5,3,910,217,334238,35,25,2,25,25,30,15,25,0,35,34,21,25,512.799,9,3,36.13895,-120.368286,174.039001,9,600,58,3,"e00fce6850cac69f647dc199",2026-09-25 16:50:06.52,2026-09-25 16:50:06.721,2026-09-25 16:50:06.721,2026-09-25
"998","NTn91c9sH0","MOOSPMv3Parser",1790355001,1,1,0,2,2,0,0,2,2,0,384,106,219311,16,0,1,0,0,28,19,0,0,27,32,31,28,28.956,77,3277,6.4e-05,0.002307,13161.265625,9,600,58,3,"e00fce68e28dcbc9a589be10",2026-09-25 16:50:09.974,2026-09-25 16:50:10.175,2026-09-25 16:50:10.175,2026-09-25
"999","G89AUJ1qWV","MOOSPMv3Parser",1790355600,1,1,0,3,3,0,0,4,4,0,629,138,0,32,0,4,0,0,25,30,0,2,26,28,39,38,17.899,65,179,36.1875,-119.822021,17.811001,8,600,58,3,"e00fce68e739ecbcf9e91965",2026-09-25 17:00:02.932,2026-09-25 17:00:03.384,2026-09-25 17:00:03.384,2026-09-25
"1000","83rEKVy5Pq","MOOSPMv3Parser",1790355601,2,2,2,2,2,2,2,3,3,2,1168,134,85847,19,12,1,13,13,23,31,13,1,24,25,37,39,30.709,94,3,36.503193,-120.325371,65.807999,12,600,58,3,"e00fce68e77e43df92405fdb",2026-09-25 17:00:02.853,2026-09-25 17:00:03.706,2026-09-25 17:00:03.706,2026-09-25
"1001","7kA5DEkOgI","MOOSPMv3Parser",1790355601,0,0,1,0,0,2,2,0,0,2,164,79,63654,12,10,2,10,10,26,30,10,1,26,28,32,30,21.944,33,2,36.198875,-120.104454,78.808998,7,600,58,3,"e00fce686dc2ef0a68fa40b0",2026-09-25 17:00:03.4,2026-09-25 17:00:03.771,2026-09-25 17:00:03.771,2026-09-25
"1002","QCbYZ8hsri","MOOSPMv3Parser",1790355600,3,3,3,4,4,3,3,5,5,3,1038,192,190714,30,22,2,23,23,26,23,23,0,25,29,32,29,22.511,41,2,35.775017,-119.238525,54.162998,6,600,58,3,"e00fce68e88237db75a60608",2026-09-25 17:00:03.308,2026-09-25 17:00:03.801,2026-09-25 17:00:03.801,2026-09-25
"1003","TWp9ECF5Vv","MOOSPMv3Parser",1790355601,1,1,5,4,4,6,6,5,5,6,376,276,151159,55,39,8,40,40,25,32,40,1,24,28,37,33,17.148,102,4,35.963131,-119.291771,39.129002,11,600,58,3,"e00fce68d6b773b56ce8baa0",2026-09-25 17:00:03.691,2026-09-25 17:00:03.938,2026-09-25 17:00:03.938,2026-09-25
"1004","bo11LV1AnG","MOOSPMv3Parser",1790355601,18,18,14,26,26,15,15,28,28,15,3304,931,168889,159,111,9,112,112,23,53,112,0,24,26,50,47,17.685,111,4,36.523338,-119.278824,81.542,7,599,58,3,"e00fce68f12da1a0c5de6248",2026-09-25 17:00:03.386,2026-09-25 17:00:03.956,2026-09-25 17:00:03.956,2026-09-25
"1005","QiobFgwD7r","MOOSPMv3Parser",1790355601,9,9,6,13,13,6,6,14,14,6,1872,508,286708,85,44,5,45,45,26,33,45,0,26,30,40,36,17.128,140,1,35.949528,-119.050003,105.271004,10,600,58,3,"e00fce6808784ceaf209f949",2026-09-25 17:00:03.385,2026-09-25 17:00:04.089,2026-09-25 17:00:04.089,2026-09-25
"1006","uWUV7N54Gg","MOOSPMv3Parser",1790355601,1,1,3,3,3,8,12,6,6,14,415,125,231259,34,18,8,22,23,0,0,23,1,25,25,42,44,17.045,78,10,36.433613,-119.92337,22.459999,11,600,58,3,"e00fce6876826e255108c6bd",2026-09-25 17:00:03.687,2026-09-25 17:00:04.154,2026-09-25 17:00:04.154,2026-09-25
"1007","y1ifWAUllX","MOOSPMv3Parser",1790355600,3,3,3,5,5,3,3,5,5,3,887,218,334258,35,25,1,25,25,30,13,25,0,34,34,21,23,318.045,22,2,36.138943,-120.368217,209.130997,6,600,58,3,"e00fce6850cac69f647dc199",2026-09-25 17:00:06.194,2026-09-25 17:00:06.408,2026-09-25 17:00:06.408,2026-09-25
"1008","X2gipDctTf","MOOSPMv3Parser",1790355601,1,1,0,2,2,0,0,2,2,0,389,108,219311,17,0,1,0,0,28,18,0,0,27,32,31,27,29.85,78,3277,6.4e-05,0.002307,13161.265625,9,600,58,3,"e00fce68e28dcbc9a589be10",2026-09-25 17:00:10.18,2026-09-25 17:00:10.35,2026-09-25 17:00:10.35,2026-09-25
"1009","V9xhIjnKeE","MOOSPMv3Parser",1790356200,1,1,0,2,2,0,0,3,3,0,555,113,0,22,0,3,0,0,26,29,0,2,26,28,38,38,17.974,71,160,36.187534,-119.822006,36.881001,9,600,58,3,"e00fce68e739ecbcf9e91965",2026-09-25 17:10:02.772,2026-09-25 17:10:02.934,2026-09-25 17:10:02.934,2026-09-25
"1010","DuUQagQRvF","MOOSPMv3Parser",1790356201,2,2,2,3,3,2,2,3,3,2,1271,149,85858,20,13,1,13,13,24,30,13,1,25,26,36,38,31.172,94,3,36.503159,-120.325371,53.681,9,600,58,3,"e00fce68e77e43df92405fdb",2026-09-25 17:10:02.792,2026-09-25 17:10:02.971,2026-09-25 17:10:02.971,2026-09-25
"1011","1kpwFFkrMh","MOOSPMv3Parser",1790356200,3,3,3,4,4,3,3,4,4,3,1031,191,191049,28,21,2,21,21,27,22,21,0,26,30,31,28,23.997,37,2,35.775021,-119.238548,57.228001,9,599,58,3,"e00fce68e88237db75a60608",2026-09-25 17:10:03.053,2026-09-25 17:10:03.236,2026-09-25 17:10:03.236,2026-09-25
"1012","WJGdl1pMyJ","MOOSPMv3Parser",1790356201,1,1,5,3,3,5,6,4,4,6,358,259,151188,47,36,5,36,36,26,31,36,1,25,29,36,32,17.251,93,4,35.96307,-119.291725,59.444,8,600,58,3,"e00fce68d6b773b56ce8baa0",2026-09-25 17:10:03.213,2026-09-25 17:10:03.429,2026-09-25 17:10:03.429,2026-09-25
"1013","LcdHXsUzQ7","MOOSPMv3Parser",1790356201,11,11,7,16,16,7,7,16,16,7,2155,589,286756,98,52,6,53,53,27,30,53,0,27,31,41,35,17.9,143,1,35.949608,-119.049911,111.679001,8,600,58,3,"e00fce6808784ceaf209f949",2026-09-25 17:10:03.38,2026-09-25 17:10:03.562,2026-09-25 17:10:03.562,2026-09-25
"1014","0b2TFLGhVA","MOOSPMv3Parser",1790356201,1,1,3,4,4,10,16,7,7,18,453,139,231262,41,19,11,25,27,0,0,27,1,26,26,42,45,16.591,78,8,36.433662,-119.923386,29.389,10,600,58,3,"e00fce6876826e255108c6bd",2026-09-25 17:10:03.67,2026-09-25 17:10:03.847,2026-09-25 17:10:03.847,2026-09-25
"1015","B1VGSEPIHn","MOOSPMv3Parser",1790356201,0,0,1,0,0,2,2,0,0,2,165,84,63662,11,11,1,11,11,26,30,11,1,26,29,31,29,22.463,29,2,36.198875,-120.104454,78.806,0,600,58,3,"e00fce686dc2ef0a68fa40b0",2026-09-25 17:10:03.806,2026-09-25 17:10:03.989,2026-09-25 17:10:03.989,2026-09-25
"1016","zNLRtJfDQu","MOOSPMv3Parser",1790356201,17,17,13,25,25,14,14,26,26,14,3185,898,168979,150,103,9,103,103,24,50,103,0,25,27,47,45,19.179,100,5,36.523376,-119.278839,97.799004,7,599,58,3,"e00fce68f12da1a0c5de6248",2026-09-25 17:10:04.23,2026-09-25 17:10:04.384,2026-09-25 17:10:04.384,2026-09-25
"1017","lWiwKQ9jDo","MOOSPMv3Parser",1790356200,4,4,3,5,5,4,4,6,6,4,925,224,334278,39,26,3,26,26,30,14,26,0,33,34,23,24,512.608,17,2,36.138943,-120.368217,209.130997,0,600,58,3,"e00fce6850cac69f647dc199",2026-09-25 17:10:06.439,2026-09-25 17:10:06.645,2026-09-25 17:10:06.645,2026-09-25
"1018","YqSDhEEP2R","MOOSPMv3Parser",1790356201,1,1,0,2,2,0,0,2,2,0,342,97,219311,17,0,1,0,0,28,18,0,0,28,33,30,26,29.822,69,3277,6.4e-05,0.002307,13161.265625,9,600,58,3,"e00fce68e28dcbc9a589be10",2026-09-25 17:10:10.055,2026-09-25 17:10:10.24,2026-09-25 17:10:10.24,2026-09-25
"1019","ehYISvjuJE","MOOSPMv3Parser",1790356801,2,2,2,3,3,2,2,3,3,2,1575,160,85870,20,13,2,13,13,24,28,13,0,26,26,35,37,33.428,76,3,36.503086,-120.325386,51.666,11,600,58,3,"e00fce68e77e43df92405fdb",2026-09-25 17:20:02.78,2026-09-25 17:20:02.972,2026-09-25 17:20:02.972,2026-09-25
"1020","anqUAv9LLE","MOOSPMv3Parser",1790356801,0,0,2,0,0,2,3,0,0,3,173,88,63673,12,13,2,13,13,26,29,13,1,27,30,30,28,22.822,33,2,36.198914,-120.104401,68.999001,8,600,58,3,"e00fce686dc2ef0a68fa40b0",2026-09-25 17:20:02.847,2026-09-25 17:20:03.069,2026-09-25 17:20:03.069,2026-09-25
"1021","LPiNHJ7EC1","MOOSPMv3Parser",1790356800,1,1,0,2,2,0,0,3,3,0,539,109,0,19,0,3,0,0,26,30,0,2,27,29,39,38,17.889,71,129,36.187546,-119.822014,39.176998,10,600,58,3,"e00fce68e739ecbcf9e91965",2026-09-25 17:20:03.176,2026-09-25 17:20:03.441,2026-09-25 17:20:03.441,2026-09-25
"1022","C9X0zpopZl","MOOSPMv3Parser",1790356801,10,10,6,14,14,6,6,14,14,6,1948,524,286794,85,45,4,46,46,28,27,46,0,27,31,38,32,19.203,138,1,35.949493,-119.049957,96.745003,5,600,58,3,"e00fce6808784ceaf209f949",2026-09-25 17:20:03.246,2026-09-25 17:20:03.478,2026-09-25 17:20:03.478,2026-09-25
"1023","t5hz9SgS9k","MOOSPMv3Parser",1790356800,3,3,3,4,4,3,3,4,4,3,989,181,191066,27,21,2,21,21,27,22,21,0,26,30,31,28,24.621,34,2,35.775017,-119.238503,69.061996,6,599,58,3,"e00fce68e88237db75a60608",2026-09-25 17:20:03.456,2026-09-25 17:20:03.629,2026-09-25 17:20:03.629,2026-09-25
"1024","1MCs94lvU3","MOOSPMv3Parser",1790356801,17,17,13,25,25,14,14,26,26,14,3154,886,169068,157,101,9,102,102,25,47,102,0,25,28,47,43,20.97,95,6,36.523354,-119.278816,100.903999,7,599,58,3,"e00fce68f12da1a0c5de6248",2026-09-25 17:20:03.542,2026-09-25 17:20:03.734,2026-09-25 17:20:03.734,2026-09-25
"1025","qKN6eIKSh4","MOOSPMv3Parser",1790356801,1,1,3,4,4,8,13,7,7,15,432,133,231264,37,16,11,21,22,0,0,23,1,26,26,42,45,16.566,78,7,36.433624,-119.92334,16.632999,9,600,58,3,"e00fce6876826e255108c6bd",2026-09-25 17:20:03.59,2026-09-25 17:20:03.767,2026-09-25 17:20:03.767,2026-09-25
"1026","egEiBkFmvh","MOOSPMv3Parser",1790356801,1,1,5,4,4,6,7,5,5,8,378,274,151221,53,40,7,41,41,26,30,41,1,26,29,35,31,18.777,86,4,35.963085,-119.291725,38.120998,8,600,58,3,"e00fce68d6b773b56ce8baa0",2026-09-25 17:20:03.616,2026-09-25 17:20:03.834,2026-09-25 17:20:03.834,2026-09-25
"1027","TQBDf87Fso","MOOSPMv3Parser",1790356800,2,2,3,4,4,3,4,4,4,4,708,167,334297,29,23,2,23,23,30,14,23,1,32,34,23,24,512.603,25,2,36.139091,-120.368454,145.731995,6,600,58,3,"e00fce6850cac69f647dc199",2026-09-25 17:20:06.346,2026-09-25 17:20:06.483,2026-09-25 17:20:06.483,2026-09-25
"1028","4CNScJCpCm","MOOSPMv3Parser",1790356801,1,1,0,1,1,0,0,1,1,0,315,88,219311,14,0,1,0,0,29,18,0,0,29,33,30,26,29.947,81,3277,6.4e-05,0.002307,13161.265625,9,600,58,3,"e00fce68e28dcbc9a589be10",2026-09-25 17:20:09.871,2026-09-25 17:20:10.02,2026-09-25 17:20:10.02,2026-09-25
"1029","BvUNuHAF48","MOOSPMv3Parser",1790357401,6,6,1,7,7,2,2,7,7,2,3617,416,85879,13,11,1,11,11,24,29,11,0,26,27,35,37,31.272,77,3,36.50317,-120.325371,64.810997,10,600,58,3,"e00fce68e77e43df92405fdb",2026-09-25 17:30:02.783,2026-09-25 17:30:02.954,2026-09-25 17:30:02.954,2026-09-25
"1030","bwqBHn1JnP","MOOSPMv3Parser",1790357400,1,1,0,3,3,0,0,3,3,0,556,114,0,24,0,4,0,0,26,31,0,2,27,29,40,39,17.763,71,106,36.187546,-119.822113,23.07,11,600,58,3,"e00fce68e739ecbcf9e91965",2026-09-25 17:30:02.765,2026-09-25 17:30:03.012,2026-09-25 17:30:03.012,2026-09-25
"1031","TR23H3Myzv","MOOSPMv3Parser",1790357401,6,6,4,9,9,4,4,10,10,4,1322,354,286820,58,30,4,30,30,28,27,30,0,27,32,37,32,20.28,114,1,35.949596,-119.050003,100.419998,11,600,58,3,"e00fce6808784ceaf209f949",2026-09-25 17:30:03.15,2026-09-25 17:30:03.321,2026-09-25 17:30:03.321,2026-09-25
"1032","adhntuUF19","MOOSPMv3Parser",1790357401,0,0,2,0,0,2,3,0,0,3,177,95,63683,14,13,1,14,14,27,28,14,1,27,30,30,27,22.782,40,2,36.198837,-120.104469,57.459,10,600,58,3,"e00fce686dc2ef0a68fa40b0",2026-09-25 17:30:03.155,2026-09-25 17:30:03.408,2026-09-25 17:30:03.408,2026-09-25
"1033","ap93sionAZ","MOOSPMv3Parser",1790357400,3,3,3,4,4,3,3,4,4,3,983,173,190765,25,20,1,20,20,28,20,20,0,27,31,30,27,25.725,36,2,35.775024,-119.238579,56.449001,7,600,58,3,"e00fce68e88237db75a60608",2026-09-25 17:30:03.31,2026-09-25 17:30:03.492,2026-09-25 17:30:03.492,2026-09-25
"1034","etYEHokhaT","MOOSPMv3Parser",1790357401,1,1,2,3,3,7,11,6,6,13,359,111,231267,34,15,11,20,21,0,0,21,1,26,27,42,44,16.663,78,6,36.433681,-119.923325,25.297001,10,600,58,3,"e00fce6876826e255108c6bd",2026-09-25 17:30:03.465,2026-09-25 17:30:03.669,2026-09-25 17:30:03.669,2026-09-25
"1035","zggAx2hSUD","MOOSPMv3Parser",1790357401,0,0,4,2,2,5,5,2,2,5,314,218,151244,40,28,5,29,29,26,29,29,1,26,29,33,30,18.876,67,5,35.963303,-119.291862,35.150002,5,600,58,3,"e00fce68d6b773b56ce8baa0",2026-09-25 17:30:03.469,2026-09-25 17:30:03.678,2026-09-25 17:30:03.678,2026-09-25
"1036","yHlUrP3wlK","MOOSPMv3Parser",1790357401,16,16,13,23,23,13,13,25,25,13,3000,843,168872,142,99,8,99,99,26,45,99,0,26,29,45,42,21.02,100,7,36.523262,-119.278793,69.260002,7,600,58,3,"e00fce68f12da1a0c5de6248",2026-09-25 17:30:03.685,2026-09-25 17:30:03.839,2026-09-25 17:30:03.839,2026-09-25
"1037","dsnVraFAiK","MOOSPMv3Parser",1790357400,1,1,2,2,2,3,3,3,3,3,537,123,334313,19,17,2,17,17,30,12,17,1,32,34,22,23,512.733,26,1,36.139046,-120.368324,189.828995,9,600,58,3,"e00fce6850cac69f647dc199",2026-09-25 17:30:06.315,2026-09-25 17:30:06.466,2026-09-25 17:30:06.466,2026-09-25
"1038","GFSctFFs50","MOOSPMv3Parser",1790357401,1,1,0,1,1,0,0,2,2,0,337,93,219311,14,0,1,0,0,29,16,0,0,29,34,29,25,30.914,75,3277,6.4e-05,0.002307,13161.265625,9,600,58,3,"e00fce68e28dcbc9a589be10",2026-09-25 17:30:10.056,2026-09-25 17:30:10.243,2026-09-25 17:30:10.243,2026-09-25
"1039","FPCGt1yrbt","MOOSPMv3Parser",1790358000,1,1,0,3,3,0,0,3,3,0,511,104,0,23,0,4,0,0,26,31,0,2,27,29,40,39,17.074,75,94,36.187542,-119.82209,17.632999,10,600,58,3,"e00fce68e739ecbcf9e91965",2026-09-25 17:40:02.707,2026-09-25 17:40:03.011,2026-09-25 17:40:03.011,2026-09-25
"1040","aKA9ggc4H0","MOOSPMv3Parser",1790358001,2,2,1,2,2,1,2,2,2,2,1815,162,85888,12,10,1,10,10,25,28,10,1,26,27,35,36,29.629,107,2,36.503075,-120.325394,45.844002,9,600,58,3,"e00fce68e77e43df92405fdb",2026-09-25 17:40:02.819,2026-09-25 17:40:03.014,2026-09-25 17:40:03.014,2026-09-25
"1041","wPjRFyEEDU","MOOSPMv3Parser",1790358001,5,5,3,7,7,4,4,7,7,4,1059,281,286840,46,25,3,25,25,29,25,26,0,28,33,39,31,21.093,94,1,35.949608,-119.049995,119.195999,9,600,58,3,"e00fce6808784ceaf209f949",2026-09-25 17:40:03.266,2026-09-25 17:40:03.523,2026-09-25 17:40:03.523,2026-09-25
"1042","goeDJ7VHNw","MOOSPMv3Parser",1790358001,0,0,2,0,0,2,3,0,0,3,178,90,63692,12,12,1,13,13,27,28,13,1,27,31,29,26,23.715,33,2,36.198833,-120.104439,64.359001,7,600,58,3,"e00fce686dc2ef0a68fa40b0",2026-09-25 17:40:03.401,2026-09-25 17:40:03.551,2026-09-25 17:40:03.551,2026-09-25
"1043","pcmAe2VYRy","MOOSPMv3Parser",1790358001,1,1,3,3,3,7,11,4,4,12,358,110,231273,28,16,6,21,21,0,0,22,1,27,27,42,44,16.566,78,6,36.433628,-119.923294,41.573002,10,600,58,3,"e00fce6876826e255108c6bd",2026-09-25 17:40:03.518,2026-09-25 17:40:03.691,2026-09-25 17:40:03.691,2026-09-25
"1044","bfWawcoNCB","MOOSPMv3Parser",1790358000,2,2,2,3,3,3,3,4,4,3,940,162,190781,25,19,1,19,19,28,20,19,0,27,32,30,27,25.286,41,2,35.775024,-119.238579,56.443001,0,600,58,3,"e00fce68e88237db75a60608",2026-09-25 17:40:03.61,2026-09-25 17:40:03.862,2026-09-25 17:40:03.862,2026-09-25
"1045","Rxl1x1AjlT","MOOSPMv3Parser",1790358001,0,0,3,2,2,4,4,2,2,5,315,219,151265,38,25,5,26,26,27,29,26,1,26,30,33,30,21.159,46,5,35.963196,-119.291763,42.402,9,600,58,3,"e00fce68d6b773b56ce8baa0",2026-09-25 17:40:03.684,2026-09-25 17:40:03.884,2026-09-25 17:40:03.884,2026-09-25
"1046","7B2MotKQzP","MOOSPMv3Parser",1790358001,16,16,12,24,24,13,13,25,25,13,3046,856,168957,144,97,8,97,97,26,42,97,0,27,30,44,39,22.049,105,7,36.523266,-119.279007,30.289,6,600,58,3,"e00fce68f12da1a0c5de6248",2026-09-25 17:40:03.798,2026-09-25 17:40:03.974,2026-09-25 17:40:03.974,2026-09-25
"1047","0YRFNPaMeP","MOOSPMv3Parser",1790358000,1,1,2,2,2,2,2,2,2,2,421,90,334329,15,12,1,12,13,30,12,13,1,32,34,22,24,512.711,22,1,36.139153,-120.368347,195.421997,7,600,58,3,"e00fce6850cac69f647dc199",2026-09-25 17:40:06.673,2026-09-25 17:40:06.808,2026-09-25 17:40:06.808,2026-09-25
"1048","CYzGRqUA9U","MOOSPMv3Parser",1790358001,1,1,0,1,1,0,0,2,2,0,330,91,219311,15,0,1,0,0,30,16,0,0,29,34,29,25,31.197,67,3277,6.4e-05,0.002307,13161.265625,9,600,58,3,"e00fce68e28dcbc9a589be10",2026-09-25 17:40:09.931,2026-09-25 17:40:10.156,2026-09-25 17:40:10.156,2026-09-25
"1049","T3SzKw4VVc","MOOSPMv3Parser",1790358600,1,1,0,2,2,0,0,3,3,0,516,104,0,24,0,4,0,0,26,31,0,2,27,29,40,39,16.821,83,77,36.187481,-119.82209,25.362,8,600,58,3,"e00fce68e739ecbcf9e91965",2026-09-25 17:50:02.769,2026-09-25 17:50:02.969,2026-09-25 17:50:02.969,2026-09-25
"1050","SUXExGN7Ct","MOOSPMv3Parser",1790358601,0,0,1,1,1,1,1,1,1,1,975,76,85894,10,8,1,8,8,25,28,8,1,27,28,35,37,29.351,94,2,36.503075,-120.325394,45.845001,0,600,58,3,"e00fce68e77e43df92405fdb",2026-09-25 17:50:02.947,2026-09-25 17:50:03.198,2026-09-25 17:50:03.198,2026-09-25
"1051","OLpAWyNLDR","MOOSPMv3Parser",1790358601,5,5,3,7,7,3,4,7,7,4,1054,281,286856,43,24,3,24,24,29,22,24,0,28,33,35,29,21.245,104,1,35.949673,-119.049957,125.829002,9,600,58,3,"e00fce6808784ceaf209f949",2026-09-25 17:50:03.166,2026-09-25 17:50:03.329,2026-09-25 17:50:03.329,2026-09-25
"1052","AHwjX3T9e3","MOOSPMv3Parser",1790358600,2,2,2,4,4,3,3,4,4,3,996,170,191116,26,19,3,19,19,28,20,19,1,27,32,30,27,24.932,38,2,35.775036,-119.238571,59.763,8,599,58,3,"e00fce68e88237db75a60608",2026-09-25 17:50:03.307,2026-09-25 17:50:03.514,2026-09-25 17:50:03.514,2026-09-25
"1053","VcwzcFkSNb","MOOSPMv3Parser",1790358601,1,1,2,3,3,7,11,5,5,12,358,110,231275,29,15,8,19,20,0,0,20,1,27,28,41,43,16.107,79,5,36.433681,-119.92337,25.981001,12,600,58,3,"e00fce6876826e255108c6bd",2026-09-25 17:50:03.453,2026-09-25 17:50:03.625,2026-09-25 17:50:03.625,2026-09-25
"1054","1IjpIGQkrI","MOOSPMv3Parser",1790358601,0,0,4,2,2,4,5,2,2,5,320,223,151289,40,28,5,29,29,27,29,29,1,27,30,33,30,21.022,55,6,35.963169,-119.291817,24.982,8,600,58,3,"e00fce68d6b773b56ce8baa0",2026-09-25 17:50:03.447,2026-09-25 17:50:03.652,2026-09-25 17:50:03.652,2026-09-25
"1055","S8lzVHl2Ac","MOOSPMv3Parser",1790358601,15,15,11,22,22,12,12,24,24,12,2848,798,169035,139,89,8,90,90,27,40,90,0,27,31,44,38,23.471,101,7,36.523254,-119.27887,93.164001,6,600,58,3,"e00fce68f12da1a0c5de6248",2026-09-25 17:50:03.574,2026-09-25 17:50:03.796,2026-09-25 17:50:03.796,2026-09-25
"1056","izk6YpjOh1","MOOSPMv3Parser",1790358601,0,0,2,0,0,2,3,0,0,3,178,92,63701,13,12,1,12,12,28,27,12,1,28,31,29,26,23.208,32,2,36.198906,-120.104431,74.800003,11,600,58,3,"e00fce686dc2ef0a68fa40b0",2026-09-25 17:50:03.951,2026-09-25 17:50:04.127,2026-09-25 17:50:04.127,2026-09-25
"1057","JlUqGQSkLx","MOOSPMv3Parser",1790358600,1,1,2,2,2,2,2,2,2,2,425,95,334344,15,13,1,13,13,30,13,13,1,33,34,23,24,512.659,26,1,36.138985,-120.36834,174.910995,9,600,58,3,"e00fce6850cac69f647dc199",2026-09-25 17:50:06.981,2026-09-25 17:50:07.144,2026-09-25 17:50:07.144,2026-09-25
"1058","PaeEMcdlu8","MOOSPMv3Parser",1790358601,1,1,0,2,2,0,0,2,2,0,351,100,219311,16,0,2,0,0,30,16,0,0,29,35,29,25,31.11,75,3277,6.4e-05,0.002307,13161.265625,9,600,58,3,"e00fce68e28dcbc9a589be10",2026-09-25 17:50:09.974,2026-09-25 17:50:10.198,2026-09-25 17:50:10.198,2026-09-25
"1059","5zNRxFEVcK","MOOSPMv3Parser",1790359200,1,1,2,2,2,2,2,2,2,2,352,102,13,14,15,1,15,15,30,16,15,0,29,34,28,25,40.526,60,8,36.138924,-120.368408,181.395004,7,424,58,3,"e00fce6856818e5885f65487",2026-09-25 18:00:01.979,2026-09-25 18:00:02.174,2026-09-25 18:00:02.174,2026-09-25
"1060","moQBuW7QMd","MOOSPMv3Parser",1790359200,1,1,0,3,3,0,0,3,3,0,566,115,0,26,0,5,0,0,27,31,0,2,28,30,39,38,16.687,88,67,36.187481,-119.82209,25.357,0,600,58,3,"e00fce68e739ecbcf9e91965",2026-09-25 18:00:02.689,2026-09-25 18:00:03.142,2026-09-25 18:00:03.142,2026-09-25
"1061","cQBS9Smb5u","MOOSPMv3Parser",1790359201,1,1,1,1,1,1,1,1,1,1,1041,85,85901,11,8,1,8,8,26,27,8,1,28,29,35,36,29.825,100,1,36.503166,-120.325386,58.821999,12,600,58,3,"e00fce68e77e43df92405fdb",2026-09-25 18:00:02.808,2026-09-25 18:00:03.394,2026-09-25 18:00:03.394,2026-09-25
"1062","UUgAsrpMYK","MOOSPMv3Parser",1790359201,0,0,1,0,0,2,2,0,0,2,169,84,63709,11,9,1,10,10,28,28,10,1,28,32,30,27,23.032,45,1,36.198864,-120.104416,65.989998,11,600,58,3,"e00fce686dc2ef0a68fa40b0",2026-09-25 18:00:02.984,2026-09-25 18:00:03.594,2026-09-25 18:00:03.594,2026-09-25
"1063","9SRMl1ojCC","MOOSPMv3Parser",1790359201,1,1,3,3,3,8,13,5,5,15,364,110,231275,29,15,8,20,21,0,0,22,1,28,28,41,43,16.23,79,5,36.43362,-119.923347,32.931999,10,600,58,3,"e00fce6876826e255108c6bd",2026-09-25 18:00:03.462,2026-09-25 18:00:03.768,2026-09-25 18:00:03.768,2026-09-25
"1064","JFp1APiTwb","MOOSPMv3Parser",1790359201,0,0,3,1,1,4,5,2,2,5,296,206,151309,36,25,5,26,26,27,29,26,1,27,30,33,30,20.776,56,6,35.963108,-119.291763,49.472,7,600,58,3,"e00fce68d6b773b56ce8baa0",2026-09-25 18:00:03.463,2026-09-25 18:00:03.826,2026-09-25 18:00:03.826,2026-09-25
"1065","g2myKA04fM","MOOSPMv3Parser",1790359200,2,2,2,3,3,3,3,3,3,3,939,154,191132,24,17,1,18,18,28,19,18,1,27,32,29,26,25.514,39,2,35.77504,-119.238495,70.213997,11,599,58,3,"e00fce68e88237db75a60608",2026-09-25 18:00:03.472,2026-09-25 18:00:03.92,2026-09-25 18:00:03.92,2026-09-25
"1066","hZuEjxT1pI","MOOSPMv3Parser",1790359201,4,4,3,6,6,3,4,6,6,4,975,258,286873,40,23,3,23,23,30,21,23,1,28,34,33,27,21.727,94,1,35.949554,-119.04998,114.698997,8,600,58,3,"e00fce6808784ceaf209f949",2026-09-25 18:00:03.38,2026-09-25 18:00:03.93,2026-09-25 18:00:03.93,2026-09-25
"1067","rNVaHPXVNA","MOOSPMv3Parser",1790359201,14,14,11,21,21,12,12,22,22,12,2721,761,169112,125,88,7,88,88,27,37,89,0,27,31,42,36,24.75,102,7,36.523323,-119.278831,96.934998,7,600,58,3,"e00fce68f12da1a0c5de6248",2026-09-25 18:00:03.535,2026-09-25 18:00:04.065,2026-09-25 18:00:04.065,2026-09-25
"1068","z4nfp8hpGQ","MOOSPMv3Parser",1790359200,1,1,2,2,2,2,2,2,2,2,435,95,334360,16,13,1,13,13,31,13,13,1,34,35,22,24,366.605,32,1,36.138939,-120.368279,177.384003,8,600,58,3,"e00fce6850cac69f647dc199",2026-09-25 18:00:07.454,2026-09-25 18:00:07.606,2026-09-25 18:00:07.606,2026-09-25
"1069","IuERiHpZuS","MOOSPMv3Parser",1790359201,1,1,0,1,1,0,0,2,2,0,356,98,219311,16,0,1,0,0,31,15,0,0,30,35,28,24,31.163,86,3277,6.4e-05,0.002307,13161.265625,9,600,58,3,"e00fce68e28dcbc9a589be10",2026-09-25 18:00:09.982,2026-09-25 18:00:10.205,2026-09-25 18:00:10.205,2026-09-25
"1070","s1R21Q1cfV","MOOSPMv3Parser",1790359800,1,1,0,3,3,0,0,3,3,0,535,103,0,25,0,6,0,0,27,30,0,2,28,30,39,38,16.592,93,54,36.1875,-119.822144,20.106001,9,600,58,3,"e00fce68e739ecbcf9e91965",2026-09-25 18:10:02.785,2026-09-25 18:10:02.989,2026-09-25 18:10:02.989,2026-09-25
"1071","0bXCT65HQI","MOOSPMv3Parser",1790359801,1,1,1,1,1,1,2,1,1,2,942,82,85909,11,9,1,9,9,26,25,9,1,28,29,32,34,30.181,102,1,36.503155,-120.325417,49.870998,8,600,58,3,"e00fce68e77e43df92405fdb",2026-09-25 18:10:02.922,2026-09-25 18:10:03.094,2026-09-25 18:10:03.094,2026-09-25
"1072","09cfy7EUjI","MOOSPMv3Parser",1790359800,2,2,2,3,3,3,3,3,3,3,956,161,191147,21,17,1,18,18,29,19,18,1,28,33,29,26,25.921,40,2,35.775024,-119.238556,66.838997,8,599,58,3,"e00fce68e88237db75a60608",2026-09-25 18:10:03.24,2026-09-25 18:10:03.415,2026-09-25 18:10:03.415,2026-09-25
"1073","9X6fCluQuy","MOOSPMv3Parser",1790359801,0,0,4,2,2,7,9,3,3,10,305,213,151332,43,32,6,35,35,28,29,35,1,27,31,34,30,21.144,52,5,35.963013,-119.291718,51.685001,5,600,58,3,"e00fce68d6b773b56ce8baa0",2026-09-25 18:10:03.291,2026-09-25 18:10:03.493,2026-09-25 18:10:03.493,2026-09-25
"1074","rIFqxB2gfK","MOOSPMv3Parser",1790359801,4,4,3,5,5,3,4,6,6,4,900,237,286890,36,22,3,23,23,30,20,23,1,28,34,35,28,23.26,82,1,35.949574,-119.049965,122.477997,9,600,58,3,"e00fce6808784ceaf209f949",2026-09-25 18:10:03.313,2026-09-25 18:10:03.51,2026-09-25 18:10:03.51,2026-09-25
"1075","qjvgT2RN7F","MOOSPMv3Parser",1790359801,0,0,1,0,0,2,2,0,0,2,158,77,63717,11,10,1,10,10,28,28,10,1,29,32,30,27,22.825,54,1,36.198811,-120.104424,82.982002,6,600,58,3,"e00fce686dc2ef0a68fa40b0",2026-09-25 18:10:03.318,2026-09-25 18:10:03.531,2026-09-25 18:10:03.531,2026-09-25
"1076","KhIEHdRokV","MOOSPMv3Parser",1790359801,14,14,11,19,19,11,11,20,20,11,2560,715,169185,114,83,5,83,83,28,36,83,0,28,32,41,36,26.089,90,8,36.523273,-119.278786,65.971001,6,600,58,3,"e00fce68f12da1a0c5de6248",2026-09-25 18:10:03.386,2026-09-25 18:10:03.573,2026-09-25 18:10:03.573,2026-09-25
"1077","D94uC8e8Ts","MOOSPMv3Parser",1790359801,1,1,2,3,3,6,10,5,5,12,329,99,231275,26,12,8,16,17,0,0,17,1,28,29,40,42,16.065,79,4,36.43362,-119.923401,34.230999,7,600,58,3,"e00fce6876826e255108c6bd",2026-09-25 18:10:03.561,2026-09-25 18:10:03.798,2026-09-25 18:10:03.798,2026-09-25
"1078","DdWcfWo8Qz","MOOSPMv3Parser",1790359800,1,1,2,2,2,2,2,2,2,2,472,100,334376,16,14,1,14,14,32,12,14,1,35,36,21,22,350.248,36,1,36.139008,-120.368454,146.102005,8,600,58,3,"e00fce6850cac69f647dc199",2026-09-25 18:10:06.329,2026-09-25 18:10:06.481,2026-09-25 18:10:06.481,2026-09-25
"1079","kNMR8GiJQw","MOOSPMv3Parser",1790359801,0,0,0,0,0,0,0,1,1,0,282,77,219311,11,0,1,0,0,31,13,0,0,30,36,26,22,32.64,63,3277,6.4e-05,0.002307,13161.265625,9,600,58,3,"e00fce68e28dcbc9a589be10",2026-09-25 18:10:09.972,2026-09-25 18:10:10.224,2026-09-25 18:10:10.224,2026-09-25
"1080","ujwpaUJq0J","MOOSPMv3Parser",1790360400,1,1,0,2,2,0,0,3,3,0,539,108,0,23,0,6,0,0,28,28,0,2,29,31,38,36,17.105,91,45,36.1875,-119.822014,20,10,600,58,3,"e00fce68e739ecbcf9e91965",2026-09-25 18:20:02.688,2026-09-25 18:20:02.959,2026-09-25 18:20:02.959,2026-09-25
"1081","SDOdZ7X7PE","MOOSPMv3Parser",1790360401,0,0,1,1,1,1,1,1,1,1,976,76,85915,10,8,1,8,8,26,26,8,1,28,29,34,34,30.946,91,1,36.503174,-120.325371,55.810001,9,600,58,3,"e00fce68e77e43df92405fdb",2026-09-25 18:20:02.86,2026-09-25 18:20:03.013,2026-09-25 18:20:03.013,2026-09-25
"1082","PdCNr3WAuv","MOOSPMv3Parser",1790360401,4,4,3,6,6,3,3,6,6,3,907,239,286906,37,20,2,20,20,30,21,20,0,29,35,33,29,24.051,77,1,35.949574,-119.049965,122.476997,0,600,58,3,"e00fce6808784ceaf209f949",2026-09-25 18:20:03.253,2026-09-25 18:20:03.393,2026-09-25 18:20:03.393,2026-09-25
"1083","jgfnCHzN9X","MOOSPMv3Parser",1790360401,14,14,10,20,20,11,11,21,21,11,2570,719,169256,121,81,7,81,81,29,36,81,0,28,33,42,36,27.029,91,7,36.523388,-119.278793,91.804001,7,600,58,3,"e00fce68f12da1a0c5de6248",2026-09-25 18:20:03.307,2026-09-25 18:20:03.469,2026-09-25 18:20:03.469,2026-09-25
"1084","SIkITcJF41","MOOSPMv3Parser",1790360400,2,2,2,3,3,2,3,4,4,3,931,158,190844,23,17,1,17,17,29,18,17,1,29,33,28,25,25.89,44,2,35.775051,-119.238464,76.269997,8,600,58,3,"e00fce68e88237db75a60608",2026-09-25 18:20:03.313,2026-09-25 18:20:03.499,2026-09-25 18:20:03.499,2026-09-25
"1085","3hsnYveZc6","MOOSPMv3Parser",1790360401,0,0,1,0,0,2,2,0,0,2,158,77,63726,10,11,1,11,11,29,28,11,1,29,33,30,27,21.957,62,1,36.198818,-120.104416,79.896004,3,600,58,3,"e00fce686dc2ef0a68fa40b0",2026-09-25 18:20:03.402,2026-09-25 18:20:03.586,2026-09-25 18:20:03.586,2026-09-25
"1086","zLbP7yMfe5","MOOSPMv3Parser",1790360401,1,1,2,2,2,7,10,4,4,12,325,100,231276,26,14,6,19,19,0,0,20,1,28,29,39,41,16.362,79,4,36.433582,-119.92334,29.749001,5,600,58,3,"e00fce6876826e255108c6bd",2026-09-25 18:20:03.53,2026-09-25 18:20:03.693,2026-09-25 18:20:03.693,2026-09-25
"1087","57VaQDFOy3","MOOSPMv3Parser",1790360401,0,0,3,1,1,3,4,1,1,4,253,165,151347,27,19,4,20,20,28,30,20,1,27,31,36,32,20.574,49,5,35.963177,-119.291771,45.266998,6,600,58,3,"e00fce68d6b773b56ce8baa0",2026-09-25 18:20:03.531,2026-09-25 18:20:03.741,2026-09-25 18:20:03.741,2026-09-25
"1088","9YkzMKt709","MOOSPMv3Parser",1790360400,1,1,2,2,2,2,2,2,2,2,464,100,334392,16,13,1,14,14,32,11,14,1,35,37,20,22,480.182,38,1,36.138992,-120.368462,147.876999,7,600,58,3,"e00fce6850cac69f647dc199",2026-09-25 18:20:06.655,2026-09-25 18:20:06.87,2026-09-25 18:20:06.87,2026-09-25
"1089","a3wIzbdVpl","MOOSPMv3Parser",1790360401,0,0,0,0,0,0,0,1,1,0,305,83,219311,15,0,1,0,0,31,13,0,0,30,36,26,22,33.185,52,3277,6.4e-05,0.002307,13161.265625,9,600,58,3,"e00fce68e28dcbc9a589be10",2026-09-25 18:20:09.947,2026-09-25 18:20:10.123,2026-09-25 18:20:10.123,2026-09-25
"1090","hI2HYCX3pf","MOOSPMv3Parser",1790361000,0,0,0,2,2,0,0,3,3,0,553,113,0,24,0,4,0,0,28,27,0,2,29,32,37,35,17.835,84,40,36.187496,-119.822075,16.667,8,600,58,3,"e00fce68e739ecbcf9e91965",2026-09-25 18:30:02.777,2026-09-25 18:30:02.963,2026-09-25 18:30:02.963,2026-09-25
"1091","WhJAmk4ZrH","MOOSPMv3Parser",1790361001,0,0,1,1,1,1,1,1,1,1,758,73,85921,9,7,1,7,7,27,26,7,1,29,30,34,35,29.83,109,1,36.503094,-120.325356,71.162003,8,600,58,3,"e00fce68e77e43df92405fdb",2026-09-25 18:30:02.8,2026-09-25 18:30:02.978,2026-09-25 18:30:02.978,2026-09-25
"1092","oNcAO1u6dT","MOOSPMv3Parser",1790361001,0,0,3,0,0,4,5,1,1,5,235,148,151361,26,18,5,20,20,28,30,20,1,28,31,35,32,19.357,68,4,35.963177,-119.291771,45.264,0,600,58,3,"e00fce68d6b773b56ce8baa0",2026-09-25 18:30:03.292,2026-09-25 18:30:03.455,2026-09-25 18:30:03.455,2026-09-25
"1093","UbgeBEeahO","MOOSPMv3Parser",1790361001,4,4,3,6,6,3,3,6,6,3,944,248,286922,38,22,2,22,22,31,18,22,0,29,35,31,26,24.643,76,1,35.949551,-119.04995,120.75,8,600,58,3,"e00fce6808784ceaf209f949",2026-09-25 18:30:03.297,2026-09-25 18:30:03.534,2026-09-25 18:30:03.534,2026-09-25
"1094","BjFF23BC9g","MOOSPMv3Parser",1790361001,12,12,9,17,17,10,10,18,18,10,2295,641,169321,106,74,4,74,74,29,33,74,0,29,33,41,34,28.311,86,7,36.523354,-119.278793,78.925003,7,600,58,3,"e00fce68f12da1a0c5de6248",2026-09-25 18:30:03.389,2026-09-25 18:30:03.54,2026-09-25 18:30:03.54,2026-09-25
"1095","gD9he845xz","MOOSPMv3Parser",1790361000,2,2,2,3,3,2,2,3,3,3,893,144,190858,21,16,1,16,16,30,17,16,0,29,34,27,24,27.753,46,2,35.774998,-119.238518,64.737999,9,600,58,3,"e00fce68e88237db75a60608",2026-09-25 18:30:03.397,2026-09-25 18:30:03.59,2026-09-25 18:30:03.59,2026-09-25
"1096","XMxBgBC8u7","MOOSPMv3Parser",1790361001,0,0,2,2,2,6,9,4,4,10,273,84,231276,25,13,6,16,17,0,0,17,1,29,30,38,40,16.803,79,4,36.433582,-119.92334,29.747,0,600,58,3,"e00fce6876826e255108c6bd",2026-09-25 18:30:03.574,2026-09-25 18:30:03.71,2026-09-25 18:30:03.71,2026-09-25
"1097","9Q63WXwtZh","MOOSPMv3Parser",1790361001,0,0,1,0,0,1,2,0,0,2,154,68,63732,8,8,1,8,8,30,28,8,1,29,34,30,26,21.642,69,1,36.198818,-120.104424,86.398003,7,600,58,3,"e00fce686dc2ef0a68fa40b0",2026-09-25 18:30:03.898,2026-09-25 18:30:04.092,2026-09-25 18:30:04.092,2026-09-25
"1098","fGEEXZrMyq","MOOSPMv3Parser",1790361000,1,1,2,2,2,2,2,2,2,2,464,99,334407,18,12,1,12,12,33,10,12,1,36,37,19,21,512.485,46,1,36.138954,-120.368355,177.664001,6,600,58,3,"e00fce6850cac69f647dc199",2026-09-25 18:30:06.994,2026-09-25 18:30:07.204,2026-09-25 18:30:07.204,2026-09-25
"1099","yaGJvoyiB5","MOOSPMv3Parser",1790361001,0,0,0,0,0,0,0,0,0,0,296,78,219311,13,0,1,0,0,32,13,0,0,31,36,26,22,33.933,47,3277,6.4e-05,0.002307,13161.265625,9,600,58,3,"e00fce68e28dcbc9a589be10",2026-09-25 18:30:10.129,2026-09-25 18:30:10.308,2026-09-25 18:30:10.308,2026-09-25
"1100","rBL53MUF6a","MOOSPMv3Parser",1790361600,0,0,0,1,1,0,0,2,2,0,448,79,0,20,0,5,0,0,29,26,0,2,29,32,36,34,18.156,83,32,36.18745,-119.822098,17.087999,7,600,58,3,"e00fce68e739ecbcf9e91965",2026-09-25 18:40:02.688,2026-09-25 18:40:02.88,2026-09-25 18:40:02.88,2026-09-25
"1101","chVX7IFfqO","MOOSPMv3Parser",1790361601,0,0,1,0,0,1,1,0,0,1,142,61,63738,7,7,1,7,7,30,28,7,1,30,34,30,27,21.914,80,1,36.198841,-120.104424,79.096001,6,600,58,3,"e00fce686dc2ef0a68fa40b0",2026-09-25 18:40:02.839,2026-09-25 18:40:03.13,2026-09-25 18:40:03.13,2026-09-25
"1102","toQB7VeFKR","MOOSPMv3Parser",1790361601,0,0,1,1,1,1,1,1,1,1,812,74,85926,9,7,1,7,7,-10,-10,7,1,28,30,32,33,31.13,108,1,36.503071,-120.325417,53.916,6,600,58,3,"e00fce68e77e43df92405fdb",2026-09-25 18:40:02.941,2026-09-25 18:40:03.159,2026-09-25 18:40:03.159,2026-09-25
"1103","F1TZAZRK6p","MOOSPMv3Parser",1790361601,4,4,3,6,6,3,4,6,6,4,923,241,286939,39,21,3,22,22,31,18,22,1,30,35,30,26,24.902,80,1,35.949615,-119.049828,122.291,7,600,58,3,"e00fce6808784ceaf209f949",2026-09-25 18:40:03.303,2026-09-25 18:40:03.473,2026-09-25 18:40:03.473,2026-09-25
"1104","GCBk47kJ0u","MOOSPMv3Parser",1790361601,0,0,3,0,0,4,5,1,1,6,243,156,151377,30,19,5,21,21,29,30,21,1,29,32,34,31,18.931,72,4,35.963131,-119.291794,47.870998,11,600,58,3,"e00fce68d6b773b56ce8baa0",2026-09-25 18:40:03.453,2026-09-25 18:40:03.597,2026-09-25 18:40:03.597,2026-09-25
"1105","3O3r2Y28Yh","MOOSPMv3Parser",1790361600,2,2,2,3,3,2,3,3,3,3,877,139,190873,22,16,2,16,16,30,16,16,1,29,34,28,24,27.831,43,1,35.775085,-119.238518,69.109001,8,600,58,3,"e00fce68e88237db75a60608",2026-09-25 18:40:03.386,2026-09-25 18:40:03.611,2026-09-25 18:40:03.611,2026-09-25
"1106","EeqovGaQKJ","MOOSPMv3Parser",1790361601,1,1,2,2,2,6,8,4,4,10,303,93,231277,24,12,6,15,16,0,0,16,1,29,30,39,40,16.655,79,4,36.433586,-119.92337,20.754,7,600,58,3,"e00fce6876826e255108c6bd",2026-09-25 18:40:03.69,2026-09-25 18:40:03.886,2026-09-25 18:40:03.886,2026-09-25
"1107","dZDMgnLg8t","MOOSPMv3Parser",1790361600,1,1,2,1,1,2,2,2,2,2,439,92,334420,13,12,1,12,12,33,10,12,0,37,38,19,21,512.426,49,1,36.13905,-120.368385,171.311996,7,600,58,3,"e00fce6850cac69f647dc199",2026-09-25 18:40:07.538,2026-09-25 18:40:07.72,2026-09-25 18:40:07.72,2026-09-25
"1108","k4Eoqz5XoW","MOOSPMv3Parser",1790361601,0,0,0,1,1,0,0,1,1,0,337,93,219311,16,0,1,0,0,32,13,0,0,31,37,25,22,34.156,58,3277,6.4e-05,0.002307,13161.265625,9,600,58,3,"e00fce68e28dcbc9a589be10",2026-09-25 18:40:10.063,2026-09-25 18:40:10.282,2026-09-25 18:40:10.282,2026-09-25
"1109","rbMQZpyT1S","MOOSPMv3Parser",1790361601,10,10,7,15,15,8,8,16,16,8,1992,558,169371,88,57,5,57,57,30,30,57,0,29,34,38,31,31.743,67,7,36.523354,-119.278793,78.926003,0,600,58,3,"e00fce68f12da1a0c5de6248",2026-09-25 18:40:20.916,2026-09-25 18:40:21.068,2026-09-25 18:40:21.068,2026-09-25
"1110","KorwX66N9p","MOOSPMv3Parser",1790362200,0,0,0,1,1,0,0,2,2,0,466,83,0,17,0,3,0,0,29,26,0,2,30,32,35,34,19.01,75,29,36.187466,-119.822212,13.037,7,600,58,3,"e00fce68e739ecbcf9e91965",2026-09-25 18:50:02.856,2026-09-25 18:50:03.117,2026-09-25 18:50:03.117,2026-09-25
"1111","1RcLKZ5UGw","MOOSPMv3Parser",1790362201,0,0,1,1,1,1,1,1,1,1,727,69,85932,9,7,1,7,7,27,24,7,1,29,30,32,33,31.259,90,1,36.503063,-120.325363,61.414001,7,600,58,3,"e00fce68e77e43df92405fdb",2026-09-25 18:50:02.993,2026-09-25 18:50:03.258,2026-09-25 18:50:03.258,2026-09-25
"1112","pXqqm9193T","MOOSPMv3Parser",1790362201,0,0,1,0,0,1,1,0,0,1,143,61,63744,7,8,1,8,8,31,28,8,1,30,34,30,27,21.581,94,1,36.198822,-120.104469,75.255997,6,600,58,3,"e00fce686dc2ef0a68fa40b0",2026-09-25 18:50:03.099,2026-09-25 18:50:03.302,2026-09-25 18:50:03.302,2026-09-25
"1113","BOaBtaHeKa","MOOSPMv3Parser",1790362201,0,0,4,1,1,7,10,2,2,11,273,184,151395,37,26,6,30,30,29,30,30,1,29,32,34,31,19.599,70,3,35.963142,-119.291801,30.058001,9,600,58,3,"e00fce68d6b773b56ce8baa0",2026-09-25 18:50:03.292,2026-09-25 18:50:03.469,2026-09-25 18:50:03.469,2026-09-25
"1114","cBtEJljY4h","MOOSPMv3Parser",1790362201,4,4,3,6,6,3,3,6,6,4,943,245,286955,38,21,2,21,21,31,16,21,0,29,36,30,25,25.653,82,1,35.949596,-119.049919,125.584,6,600,58,3,"e00fce6808784ceaf209f949",2026-09-25 18:50:03.341,2026-09-25 18:50:03.495,2026-09-25 18:50:03.495,2026-09-25
"1115","AT1njqP38G","MOOSPMv3Parser",1790362200,2,2,2,3,3,3,3,3,3,3,898,147,190889,23,17,1,17,17,31,17,17,1,29,35,28,25,27.377,42,1,35.775063,-119.238571,59.436001,8,600,58,3,"e00fce68e88237db75a60608",2026-09-25 18:50:03.387,2026-09-25 18:50:03.558,2026-09-25 18:50:03.558,2026-09-25
"1116","JIaeGbCHXJ","MOOSPMv3Parser",1790362201,9,9,7,13,13,7,7,14,14,7,1832,504,169415,74,51,4,51,51,30,30,51,0,29,34,37,31,33.204,58,8,36.52322,-119.278839,92.579002,5,600,58,3,"e00fce68f12da1a0c5de6248",2026-09-25 18:50:03.378,2026-09-25 18:50:03.578,2026-09-25 18:50:03.578,2026-09-25
"1117","eTcD79HgDM","MOOSPMv3Parser",1790362201,0,0,2,2,2,5,7,3,3,9,258,77,231277,22,10,6,13,14,0,0,14,1,30,31,38,39,16.151,80,3,36.433594,-119.923386,24.41,7,600,58,3,"e00fce6876826e255108c6bd",2026-09-25 18:50:03.606,2026-09-25 18:50:03.79,2026-09-25 18:50:03.79,2026-09-25
"1118","Qr2HQ22e1Q","MOOSPMv3Parser",1790362200,0,0,1,1,1,2,2,1,1,2,436,93,334434,15,11,1,12,12,34,10,12,0,37,38,19,21,512.452,60,1,36.138874,-120.368324,194.093994,7,600,58,3,"e00fce6850cac69f647dc199",2026-09-25 18:50:06.335,2026-09-25 18:50:06.516,2026-09-25 18:50:06.516,2026-09-25
"1119","GFP0kIEBJg","MOOSPMv3Parser",1790362201,0,0,0,1,1,0,0,1,1,0,343,94,219311,16,0,2,0,0,32,12,0,0,32,37,25,21,34.267,67,3277,6.4e-05,0.002307,13161.265625,9,600,58,3,"e00fce68e28dcbc9a589be10",2026-09-25 18:50:10.059,2026-09-25 18:50:10.219,2026-09-25 18:50:10.219,2026-09-25
"1120","DBGdnsKTcp","MOOSPMv3Parser",1790362801,0,0,1,1,1,1,1,1,1,1,750,68,85937,9,7,1,7,7,27,24,7,1,29,30,32,33,30.059,113,1,36.503208,-120.325409,53.212002,9,600,58,3,"e00fce68e77e43df92405fdb",2026-09-25 19:00:02.904,2026-09-25 19:00:03.112,2026-09-25 19:00:03.112,2026-09-25
"1121","T6Wk0j0ZEY","MOOSPMv3Parser",1790362800,0,0,0,2,2,0,0,2,2,0,560,105,0,22,0,4,0,0,29,25,0,2,30,33,35,34,19.395,71,26,36.187397,-119.821968,34.152,9,600,58,3,"e00fce68e739ecbcf9e91965",2026-09-25 19:00:03.003,2026-09-25 19:00:03.467,2026-09-25 19:00:03.467,2026-09-25
"1122","p1ngNDWH16","MOOSPMv3Parser",1790362801,0,0,3,1,1,5,6,1,1,7,246,159,151408,29,19,5,21,21,30,29,21,1,29,33,34,30,19.576,66,3,35.963146,-119.29184,41.259998,10,600,58,3,"e00fce68d6b773b56ce8baa0",2026-09-25 19:00:03.369,2026-09-25 19:00:03.602,2026-09-25 19:00:03.602,2026-09-25
"1123","DLgnjT5d4w","MOOSPMv3Parser",1790362800,2,2,2,3,3,3,3,3,3,3,960,150,190903,23,16,2,17,17,31,17,17,1,30,36,28,24,27.584,46,1,35.774986,-119.238564,74.115997,10,600,58,3,"e00fce68e88237db75a60608",2026-09-25 19:00:03.387,2026-09-25 19:00:03.72,2026-09-25 19:00:03.72,2026-09-25
"1124","LCUUoKoiYl","MOOSPMv3Parser",1790362801,9,9,7,13,13,7,7,13,13,7,1816,503,169461,77,52,4,52,52,30,29,52,0,29,35,37,31,33.621,60,8,36.523323,-119.278862,94.064003,6,600,58,3,"e00fce68f12da1a0c5de6248",2026-09-25 19:00:03.452,2026-09-25 19:00:03.872,2026-09-25 19:00:03.872,2026-09-25
"1125","laO6bjShxC","MOOSPMv3Parser",1790362801,5,5,3,7,7,4,4,7,7,4,1074,278,286972,43,23,2,24,24,31,17,24,1,29,35,32,26,26.071,80,1,35.949619,-119.049942,121.392998,7,600,58,3,"e00fce6808784ceaf209f949",2026-09-25 19:00:03.265,2026-09-25 19:00:04.112,2026-09-25 19:00:04.112,2026-09-25
"1126","e6dh0LERGB","MOOSPMv3Parser",1790362801,0,0,2,2,2,4,6,3,3,7,240,72,231277,18,9,6,12,12,0,0,12,1,30,31,38,39,15.9,80,3,36.433655,-119.923431,20.056,7,600,58,3,"e00fce6876826e255108c6bd",2026-09-25 19:00:03.614,2026-09-25 19:00:04.243,2026-09-25 19:00:04.243,2026-09-25
"1127","9w7Ap76eKx","MOOSPMv3Parser",1790362801,0,0,1,0,0,2,2,0,0,2,145,64,63752,7,10,1,10,10,31,28,10,1,30,35,30,26,21.986,87,1,36.19883,-120.104324,95.819,7,600,58,3,"e00fce686dc2ef0a68fa40b0",2026-09-25 19:00:03.48,2026-09-25 19:00:04.292,2026-09-25 19:00:04.292,2026-09-25
"1128","JjUJ7gU9vI","MOOSPMv3Parser",1790362800,0,0,1,1,1,2,2,1,1,2,472,97,334446,15,11,1,11,11,34,10,11,0,37,38,19,21,463.092,72,1,36.138874,-120.368324,194.097,0,600,58,3,"e00fce6850cac69f647dc199",2026-09-25 19:00:06.672,2026-09-25 19:00:06.905,2026-09-25 19:00:06.905,2026-09-25
"1129","bmZdHsA1tO","MOOSPMv3Parser",1790362801,0,0,0,1,1,0,0,1,1,0,346,92,219311,15,0,1,0,0,32,12,0,0,31,37,25,21,34.971,61,3277,6.4e-05,0.002307,13161.265625,9,600,58,3,"e00fce68e28dcbc9a589be10",2026-09-25 19:00:09.992,2026-09-25 19:00:10.258,2026-09-25 19:00:10.258,2026-09-25
"1130","yqfoP8wCIO","MOOSPMv3Parser",1790363400,0,0,0,2,2,0,0,3,3,0,558,103,0,23,0,5,0,0,30,25,0,2,30,33,35,33,19.385,76,22,36.187485,-119.822029,24.641001,8,600,58,3,"e00fce68e739ecbcf9e91965",2026-09-25 19:10:02.848,2026-09-25 19:10:02.976,2026-09-25 19:10:02.976,2026-09-25
"1131","oVlnFOr2aM","MOOSPMv3Parser",1790363401,0,0,1,1,1,1,1,1,1,2,730,65,85943,8,7,1,8,8,27,25,8,1,29,30,33,34,29.684,115,1,36.503101,-120.325409,57.535999,11,600,58,3,"e00fce68e77e43df92405fdb",2026-09-25 19:10:02.796,2026-09-25 19:10:03.005,2026-09-25 19:10:03.005,2026-09-25
"1132","AV01ZqRh8Q","MOOSPMv3Parser",1790363401,4,4,3,7,7,4,4,7,7,4,1065,273,286988,42,23,3,23,24,31,16,24,1,29,35,31,25,25.928,77,1,35.94957,-119.049995,108.916,7,600,58,3,"e00fce6808784ceaf209f949",2026-09-25 19:10:03.232,2026-09-25 19:10:03.405,2026-09-25 19:10:03.405,2026-09-25
"1133","JSxwcFOZ7v","MOOSPMv3Parser",1790363401,0,0,3,0,0,4,5,1,1,5,252,164,151423,27,19,4,20,20,30,29,21,1,30,34,33,30,19.917,67,3,35.963085,-119.291862,62.277,9,600,58,3,"e00fce68d6b773b56ce8baa0",2026-09-25 19:10:03.29,2026-09-25 19:10:03.523,2026-09-25 19:10:03.523,2026-09-25
"1134","ocCGJDOjqq","MOOSPMv3Parser",1790363401,0,0,2,2,2,5,7,3,3,8,242,72,231277,20,10,6,13,13,1,0,13,1,30,32,37,38,15.921,80,2,36.43364,-119.923294,45.730999,6,600,58,3,"e00fce6876826e255108c6bd",2026-09-25 19:10:03.7,2026-09-25 19:10:03.896,2026-09-25 19:10:03.896,2026-09-25
"1135","LuBXosmaBw","MOOSPMv3Parser",1790363400,2,2,2,3,3,2,2,3,3,3,899,139,190916,22,14,2,15,15,31,17,15,1,30,35,29,25,26.701,64,1,35.775139,-119.238426,58.358002,10,600,58,3,"e00fce68e88237db75a60608",2026-09-25 19:10:03.748,2026-09-25 19:10:03.956,2026-09-25 19:10:03.956,2026-09-25
"1136","QxPCtrPIs3","MOOSPMv3Parser",1790363401,0,0,1,0,0,1,1,0,0,1,142,61,63757,6,6,1,7,7,31,28,7,1,30,35,31,27,21.737,92,1,36.198792,-120.104378,79.438004,6,600,58,3,"e00fce686dc2ef0a68fa40b0",2026-09-25 19:10:03.809,2026-09-25 19:10:03.987,2026-09-25 19:10:03.987,2026-09-25
"1137","aG31EKaB8H","MOOSPMv3Parser",1790363400,0,0,1,1,1,2,2,1,1,2,491,99,334461,17,11,1,11,11,34,9,11,1,37,39,18,20,512.395,65,1,36.139011,-120.368401,173.992004,11,600,58,3,"e00fce6850cac69f647dc199",2026-09-25 19:10:07.234,2026-09-25 19:10:07.426,2026-09-25 19:10:07.426,2026-09-25
"1138","9VHN8DQCdO","MOOSPMv3Parser",1790363401,0,0,0,1,1,0,0,1,1,0,319,87,219311,15,0,1,0,0,33,12,0,0,31,38,25,20,34.995,65,3277,6.4e-05,0.002307,13161.265625,9,600,58,3,"e00fce68e28dcbc9a589be10",2026-09-25 19:10:09.957,2026-09-25 19:10:10.156,2026-09-25 19:10:10.156,2026-09-25
"1139","XDNIpZDoeE","MOOSPMv3Parser",1790363401,8,8,6,12,12,7,7,12,12,7,1689,465,169505,72,50,3,50,51,31,28,51,0,30,35,35,30,33.657,64,8,36.523376,-119.278854,70.292,6,600,58,3,"e00fce68f12da1a0c5de6248",2026-09-25 19:10:20.506,2026-09-25 19:10:20.681,2026-09-25 19:10:20.681,2026-09-25
"1140","F3ZYh68NjP","MOOSPMv3Parser",1790364001,0,0,1,0,0,1,1,0,0,1,703,57,85947,7,5,1,5,5,27,26,5,1,29,30,33,35,28.957,138,1,36.503113,-120.325348,41.089001,9,600,58,3,"e00fce68e77e43df92405fdb",2026-09-25 19:20:02.863,2026-09-25 19:20:03.002,2026-09-25 19:20:03.002,2026-09-25
"1141","fJFy9E0FHj","MOOSPMv3Parser",1790364001,0,0,1,0,0,1,1,0,0,1,143,62,63762,7,6,1,6,6,32,27,6,1,31,36,30,26,21.667,109,1,36.198818,-120.104477,83.755997,7,600,58,3,"e00fce686dc2ef0a68fa40b0",2026-09-25 19:20:02.841,2026-09-25 19:20:03.052,2026-09-25 19:20:03.052,2026-09-25
"1142","1NiZezHGoL","MOOSPMv3Parser",1790364000,0,0,0,1,1,0,0,2,2,0,533,96,0,21,0,3,0,0,30,24,0,2,31,34,35,33,19.766,76,19,36.187447,-119.822044,31.938,10,600,58,3,"e00fce68e739ecbcf9e91965",2026-09-25 19:20:02.927,2026-09-25 19:20:03.146,2026-09-25 19:20:03.146,2026-09-25
"1143","Hbd2DPfBrS","MOOSPMv3Parser",1790364000,2,2,2,3,3,3,3,3,3,3,933,140,190929,22,16,2,17,17,31,18,17,1,30,36,30,26,27.299,67,1,35.775066,-119.238541,63.348999,9,600,58,3,"e00fce68e88237db75a60608",2026-09-25 19:20:03.308,2026-09-25 19:20:03.53,2026-09-25 19:20:03.53,2026-09-25
"1144","qE6X1z1oVK","MOOSPMv3Parser",1790364001,4,4,3,6,6,3,4,6,6,4,949,248,287004,39,21,3,22,22,31,16,22,1,30,36,31,26,26.315,72,1,35.949665,-119.050041,122.057999,8,600,58,3,"e00fce6808784ceaf209f949",2026-09-25 19:20:03.298,2026-09-25 19:20:03.553,2026-09-25 19:20:03.553,2026-09-25
"1145","ZGRwDV9Uno","MOOSPMv3Parser",1790364001,8,8,6,12,12,6,6,12,12,6,1661,460,169546,71,48,3,48,48,31,25,48,0,30,36,33,28,34.842,59,7,36.523357,-119.278854,73.672997,5,600,58,3,"e00fce68f12da1a0c5de6248",2026-09-25 19:20:03.454,2026-09-25 19:20:03.638,2026-09-25 19:20:03.638,2026-09-25
"1146","SCMyOviu6N","MOOSPMv3Parser",1790364001,0,0,2,0,0,3,4,1,1,4,235,148,151435,23,16,3,17,17,31,28,17,1,30,34,32,29,20.086,73,3,35.963184,-119.291832,46.710999,7,600,58,3,"e00fce68d6b773b56ce8baa0",2026-09-25 19:20:03.522,2026-09-25 19:20:03.682,2026-09-25 19:20:03.682,2026-09-25
"1147","VfqTebjunj","MOOSPMv3Parser",1790364001,0,0,2,1,1,5,8,3,3,9,229,69,231277,17,11,5,14,15,0,0,15,1,30,32,38,38,16.062,80,2,36.433609,-119.923386,19.208,5,600,58,3,"e00fce6876826e255108c6bd",2026-09-25 19:20:03.616,2026-09-25 19:20:03.782,2026-09-25 19:20:03.782,2026-09-25
"1148","dSRIrySKoS","MOOSPMv3Parser",1790364000,0,0,1,1,1,2,2,1,1,2,460,94,334475,14,12,1,12,12,34,9,12,1,38,39,18,20,512.365,63,1,36.138985,-120.368355,182.662003,6,600,58,3,"e00fce6850cac69f647dc199",2026-09-25 19:20:07.347,2026-09-25 19:20:07.511,2026-09-25 19:20:07.511,2026-09-25
"1149","Wx5Pedf2GI","MOOSPMv3Parser",1790364001,0,0,0,1,1,0,0,1,1,0,333,90,219311,13,0,1,0,0,33,11,0,0,32,38,24,20,34.576,73,3277,6.4e-05,0.002307,13161.265625,9,600,58,3,"e00fce68e28dcbc9a589be10",2026-09-25 19:20:09.898,2026-09-25 19:20:10.096,2026-09-25 19:20:10.096,2026-09-25
"1150","cgMUxYq4qp","MOOSPMv3Parser",1790364601,0,0,1,0,0,1,1,0,0,1,657,49,85952,5,4,0,4,5,-10,-10,5,1,29,30,35,36,27.227,160,1,36.503223,-120.325462,71.022003,11,600,58,3,"e00fce68e77e43df92405fdb",2026-09-25 19:30:02.876,2026-09-25 19:30:03.062,2026-09-25 19:30:03.062,2026-09-25
"1151","GkpHxlGERH","MOOSPMv3Parser",1790364600,0,0,0,1,1,0,0,2,2,0,498,88,0,19,0,4,0,0,30,24,0,2,31,34,34,33,19.835,77,15,36.187481,-119.822151,23.933001,9,600,58,3,"e00fce68e739ecbcf9e91965",2026-09-25 19:30:02.912,2026-09-25 19:30:03.125,2026-09-25 19:30:03.125,2026-09-25
"1152","CnxdrqbFva","MOOSPMv3Parser",1790364601,0,0,1,0,0,1,1,0,0,1,140,60,63767,6,7,1,7,7,32,27,7,1,31,36,30,26,21.783,113,1,36.198898,-120.104485,78.851997,6,600,58,3,"e00fce686dc2ef0a68fa40b0",2026-09-25 19:30:03.139,2026-09-25 19:30:03.276,2026-09-25 19:30:03.276,2026-09-25
"1153","eKC4Zg7LKb","MOOSPMv3Parser",1790364601,0,0,2,0,0,3,4,0,0,5,227,142,151445,24,16,4,17,17,31,28,17,1,30,35,33,29,20.028,66,2,35.963139,-119.291809,50.944,8,600,58,3,"e00fce68d6b773b56ce8baa0",2026-09-25 19:30:03.293,2026-09-25 19:30:03.469,2026-09-25 19:30:03.469,2026-09-25
"1154","RyRIdrmsi8","MOOSPMv3Parser",1790364600,2,2,2,3,3,3,3,3,3,3,915,131,190942,19,15,1,15,16,31,18,16,1,30,35,29,26,26.104,76,1,35.775066,-119.238541,63.345001,0,600,58,3,"e00fce68e88237db75a60608",2026-09-25 19:30:03.373,2026-09-25 19:30:03.6,2026-09-25 19:30:03.6,2026-09-25
"1155","hdhuBvu0jT","MOOSPMv3Parser",1790364601,8,8,6,12,12,6,6,12,12,6,1664,458,169588,70,48,3,48,48,31,25,48,0,30,36,34,28,35.909,51,7,36.523331,-119.278847,79.007004,5,600,58,3,"e00fce68f12da1a0c5de6248",2026-09-25 19:30:03.413,2026-09-25 19:30:03.629,2026-09-25 19:30:03.629,2026-09-25
"1156","7LehCRVZg8","MOOSPMv3Parser",1790364601,4,4,3,5,5,3,4,6,6,4,895,234,287021,36,21,3,22,22,32,16,22,1,30,36,30,25,25.721,75,1,35.949654,-119.049988,118.330002,7,600,58,3,"e00fce6808784ceaf209f949",2026-09-25 19:30:03.486,2026-09-25 19:30:03.695,2026-09-25 19:30:03.695,2026-09-25
"1157","lr7qUZ6k2W","MOOSPMv3Parser",1790364601,0,0,2,1,1,5,8,3,3,9,251,75,231278,18,11,4,14,15,0,0,15,1,31,32,37,37,16.095,80,2,36.433712,-119.923363,40.338001,5,600,58,3,"e00fce6876826e255108c6bd",2026-09-25 19:30:03.777,2026-09-25 19:30:03.983,2026-09-25 19:30:03.983,2026-09-25
"1158","dzc8Eswfvw","MOOSPMv3Parser",1790364600,0,0,1,0,0,2,2,0,0,2,412,80,334485,11,10,1,10,10,34,9,10,1,38,39,19,21,512.433,83,1,36.139,-120.368408,170.710007,9,600,58,3,"e00fce6850cac69f647dc199",2026-09-25 19:30:06.414,2026-09-25 19:30:06.645,2026-09-25 19:30:06.645,2026-09-25
"1159","pSsRXvfKvz","MOOSPMv3Parser",1790364601,0,0,0,1,1,0,0,1,1,0,321,89,219311,13,0,1,0,0,34,11,0,0,33,39,24,20,35.132,82,3277,6.4e-05,0.002307,13161.265625,9,600,58,3,"e00fce68e28dcbc9a589be10",2026-09-25 19:30:10.201,2026-09-25 19:30:10.379,2026-09-25 19:30:10.379,2026-09-25
"1160","G05qUY6ko6","MOOSPMv3Parser",1790365200,0,0,0,1,1,0,0,1,1,0,455,76,0,16,0,3,0,0,30,23,0,2,31,34,33,31,19.101,83,12,36.187504,-119.82209,35.956001,9,600,58,3,"e00fce68e739ecbcf9e91965",2026-09-25 19:40:02.854,2026-09-25 19:40:03.043,2026-09-25 19:40:03.043,2026-09-25
"1161","YAKGIF6cXi","MOOSPMv3Parser",1790365201,0,0,1,1,1,2,2,1,1,2,742,63,85959,9,9,1,9,9,-10,-10,9,1,30,31,37,38,28.173,161,1,36.503223,-120.325462,71.021004,0,600,58,3,"e00fce68e77e43df92405fdb",2026-09-25 19:40:02.852,2026-09-25 19:40:03.06,2026-09-25 19:40:03.06,2026-09-25
"1162","sHyG8MP1ic","MOOSPMv3Parser",1790365201,4,4,3,6,6,3,4,6,6,4,935,241,287037,38,19,2,20,20,31,17,20,1,29,35,33,28,27.012,67,1,35.949551,-119.050003,116.733002,10,600,58,3,"e00fce6808784ceaf209f949",2026-09-25 19:40:03.3,2026-09-25 19:40:03.451,2026-09-25 19:40:03.451,2026-09-25
"1163","lYlKpBctJl","MOOSPMv3Parser",1790365201,8,8,6,12,12,7,7,12,12,7,1718,461,169632,70,50,4,51,51,32,24,51,0,31,36,33,28,36.292,52,7,36.523296,-119.278831,81.978996,6,600,58,3,"e00fce68f12da1a0c5de6248",2026-09-25 19:40:03.416,2026-09-25 19:40:03.666,2026-09-25 19:40:03.666,2026-09-25
"1164","mqvoBhuGdD","MOOSPMv3Parser",1790365200,2,2,2,2,2,2,3,3,3,3,929,129,190952,19,14,1,14,15,32,18,15,1,31,36,29,25,26.932,68,1,35.775036,-119.238556,65.558998,11,600,58,3,"e00fce68e88237db75a60608",2026-09-25 19:40:03.401,2026-09-25 19:40:03.691,2026-09-25 19:40:03.691,2026-09-25
"1165","DGAEyNiNWW","MOOSPMv3Parser",1790365201,0,0,2,0,0,3,4,0,0,4,216,129,151453,19,13,3,15,15,32,28,15,1,31,35,33,29,20.334,61,2,35.963154,-119.291885,31.712999,10,600,58,3,"e00fce68d6b773b56ce8baa0",2026-09-25 19:40:03.532,2026-09-25 19:40:03.73,2026-09-25 19:40:03.73,2026-09-25
"1166","M0e7eYFTrv","MOOSPMv3Parser",1790365201,0,0,1,0,0,1,1,0,0,1,138,56,63773,6,7,1,7,7,32,27,7,1,31,36,31,26,21.187,106,1,36.19875,-120.104462,68.242996,7,600,58,3,"e00fce686dc2ef0a68fa40b0",2026-09-25 19:40:03.498,2026-09-25 19:40:03.932,2026-09-25 19:40:03.932,2026-09-25
"1167","yG5XJU3vRp","MOOSPMv3Parser",1790365201,0,0,1,2,2,4,7,3,3,8,242,74,231278,19,9,5,12,12,1,0,12,1,31,32,36,37,16.349,80,2,36.43359,-119.923409,22.218,7,600,58,3,"e00fce6876826e255108c6bd",2026-09-25 19:40:03.599,2026-09-25 19:40:04.108,2026-09-25 19:40:04.108,2026-09-25
"1168","fMCbF4nLRP","MOOSPMv3Parser",1790365200,0,0,1,1,1,2,2,1,1,2,445,88,334498,13,11,1,11,11,34,9,11,1,38,39,18,20,512.473,91,1,36.138912,-120.368332,189.636993,7,600,58,3,"e00fce6850cac69f647dc199",2026-09-25 19:40:06.864,2026-09-25 19:40:07.012,2026-09-25 19:40:07.012,2026-09-25
"1169","Q8diKWFMo8","MOOSPMv3Parser",1790365201,0,0,0,0,0,0,0,1,1,0,305,82,219311,13,0,1,0,0,34,11,0,0,33,39,25,20,34.623,100,3277,6.4e-05,0.002307,13161.265625,9,600,58,3,"e00fce68e28dcbc9a589be10",2026-09-25 19:40:09.869,2026-09-25 19:40:10.039,2026-09-25 19:40:10.039,2026-09-25
"1170","IpuDfcplmn","MOOSPMv3Parser",1790365801,0,0,1,0,0,1,1,0,0,1,136,53,63778,5,6,0,6,6,32,27,6,1,32,37,30,26,21.214,126,1,36.19875,-120.104462,68.247002,0,600,58,3,"e00fce686dc2ef0a68fa40b0",2026-09-25 19:50:02.645,2026-09-25 19:50:02.868,2026-09-25 19:50:02.868,2026-09-25
"1171","GCYCD5S6BI","MOOSPMv3Parser",1790365801,0,0,1,0,0,1,2,0,0,2,728,50,85963,6,5,1,5,5,28,28,5,1,30,31,36,37,26.212,186,1,36.503136,-120.325409,46.032001,10,600,58,3,"e00fce68e77e43df92405fdb",2026-09-25 19:50:02.803,2026-09-25 19:50:03.013,2026-09-25 19:50:03.013,2026-09-25
"1172","1A9MwPm7HF","MOOSPMv3Parser",1790365800,0,0,0,1,1,0,0,1,1,0,432,72,0,17,0,4,0,0,31,22,0,2,32,35,33,32,18.634,92,8,36.187504,-119.82209,35.955002,0,600,58,3,"e00fce68e739ecbcf9e91965",2026-09-25 19:50:02.955,2026-09-25 19:50:03.202,2026-09-25 19:50:03.202,2026-09-25
"1173","XvNEapopEA","MOOSPMv3Parser",1790365800,1,1,2,3,3,2,3,3,3,3,887,127,190963,19,14,2,15,15,32,17,15,1,31,36,29,25,27.475,73,1,35.775066,-119.238548,74.944,11,600,58,3,"e00fce68e88237db75a60608",2026-09-25 19:50:03.387,2026-09-25 19:50:03.59,2026-09-25 19:50:03.59,2026-09-25
"1174","B2VzJGuHqN","MOOSPMv3Parser",1790365801,3,3,3,5,5,3,4,5,5,4,854,222,287053,36,21,2,21,21,32,19,21,1,31,36,32,28,25.646,77,1,35.949455,-119.049957,106.462997,8,600,58,3,"e00fce6808784ceaf209f949",2026-09-25 19:50:03.464,2026-09-25 19:50:03.701,2026-09-25 19:50:03.701,2026-09-25
"1175","uQzpBGEjgO","MOOSPMv3Parser",1790365801,0,0,2,0,0,3,4,0,0,5,211,126,151462,22,14,4,15,15,32,27,15,1,31,35,33,29,20.51,62,2,35.963207,-119.291901,40.367001,10,600,58,3,"e00fce68d6b773b56ce8baa0",2026-09-25 19:50:03.567,2026-09-25 19:50:03.728,2026-09-25 19:50:03.728,2026-09-25
"1176","2PNPXvVwzy","MOOSPMv3Parser",1790365801,1,1,2,2,2,6,10,4,4,11,299,92,231278,23,12,5,16,17,0,0,17,1,31,32,35,36,16.652,80,2,36.43359,-119.923409,22.214001,0,600,58,3,"e00fce6876826e255108c6bd",2026-09-25 19:50:03.608,2026-09-25 19:50:03.75,2026-09-25 19:50:03.75,2026-09-25
"1177","4V7IM8DKwd","MOOSPMv3Parser",1790365801,9,9,7,12,12,7,7,13,13,7,1747,481,169677,74,51,3,51,51,32,24,52,0,31,36,34,28,37.122,52,6,36.523422,-119.278923,76.454002,6,600,58,3,"e00fce68f12da1a0c5de6248",2026-09-25 19:50:03.552,2026-09-25 19:50:03.764,2026-09-25 19:50:03.764,2026-09-25
"1178","YDC5g9BztH","MOOSPMv3Parser",1790365800,0,0,1,0,0,2,2,1,1,2,442,86,334510,12,10,1,10,10,35,9,10,0,38,39,18,20,512.489,96,1,36.139011,-120.368347,177.080994,7,600,58,3,"e00fce6850cac69f647dc199",2026-09-25 19:50:07.002,2026-09-25 19:50:07.177,2026-09-25 19:50:07.177,2026-09-25
"1179","kpkzbfxFjG","MOOSPMv3Parser",1790365801,0,0,0,0,0,0,0,1,1,0,300,82,219311,13,0,1,0,0,34,12,0,0,33,39,26,21,34.418,102,3277,6.4e-05,0.002307,13161.265625,9,600,58,3,"e00fce68e28dcbc9a589be10",2026-09-25 19:50:09.88,2026-09-25 19:50:10.183,2026-09-25 19:50:10.183,2026-09-25
"1180","njAzSUtwxx","MOOSPMv3Parser",1790366400,0,0,0,0,0,0,0,1,1,0,387,58,0,13,0,2,0,0,31,22,0,2,32,35,33,31,18.48,94,6,36.187531,-119.822128,39.271999,7,600,58,3,"e00fce68e739ecbcf9e91965",2026-09-25 20:00:02.921,2026-09-25 20:00:03.212,2026-09-25 20:00:03.212,2026-09-25
"1181","eRnD42lPQp","MOOSPMv3Parser",1790366401,0,0,0,0,0,1,1,0,0,1,682,46,85965,5,3,0,3,3,28,26,3,1,30,31,33,34,26.305,192,1,36.50322,-120.325424,72.325996,11,600,58,3,"e00fce68e77e43df92405fdb",2026-09-25 20:00:02.703,2026-09-25 20:00:03.299,2026-09-25 20:00:03.299,2026-09-25
"1182","qJYGkkybOq","MOOSPMv3Parser",1790366401,0,0,1,0,0,1,1,0,0,1,136,53,63782,5,5,0,6,6,33,27,6,1,32,37,30,26,21.217,151,1,36.198822,-120.104431,78.112999,6,600,58,3,"e00fce686dc2ef0a68fa40b0",2026-09-25 20:00:03.026,2026-09-25 20:00:03.564,2026-09-25 20:00:03.564,2026-09-25
"1183","iqzhEXLS6a","MOOSPMv3Parser",1790366400,2,2,2,3,3,3,3,3,3,3,1082,136,190975,18,15,2,15,16,32,17,16,1,31,36,28,25,27.482,69,1,35.775063,-119.238541,56.605999,9,600,58,3,"e00fce68e88237db75a60608",2026-09-25 20:00:03.39,2026-09-25 20:00:03.689,2026-09-25 20:00:03.689,2026-09-25
"1184","DSpLf2nOPb","MOOSPMv3Parser",1790366401,3,3,3,5,5,3,4,5,5,4,821,211,287069,37,19,2,20,20,32,18,20,1,31,37,34,28,25.923,87,1,35.949562,-119.049927,113.959999,7,600,58,3,"e00fce6808784ceaf209f949",2026-09-25 20:00:03.34,2026-09-25 20:00:03.731,2026-09-25 20:00:03.731,2026-09-25
"1185","zLveCB5OEu","MOOSPMv3Parser",1790366401,9,9,7,13,13,7,7,13,13,7,1781,487,169723,76,52,3,53,53,32,23,53,0,31,37,32,27,37.821,55,6,36.52335,-119.278748,81.536003,5,600,58,3,"e00fce68f12da1a0c5de6248",2026-09-25 20:00:03.342,2026-09-25 20:00:03.842,2026-09-25 20:00:03.842,2026-09-25
"1186","Olg8nSnRj9","MOOSPMv3Parser",1790366401,0,0,2,0,0,3,4,0,0,5,207,125,151472,19,14,3,15,16,32,27,16,1,31,36,31,28,20.025,64,2,35.963207,-119.291901,72.227997,8,600,58,3,"e00fce68d6b773b56ce8baa0",2026-09-25 20:00:03.56,2026-09-25 20:00:03.896,2026-09-25 20:00:03.896,2026-09-25
"1187","79Z2PwGX0T","MOOSPMv3Parser",1790366401,1,1,2,2,2,5,8,4,4,9,284,86,231278,21,11,6,14,15,0,0,15,1,31,33,35,36,16.62,81,2,36.43364,-119.923401,32.042999,6,600,58,3,"e00fce6876826e255108c6bd",2026-09-25 20:00:03.76,2026-09-25 20:00:04.072,2026-09-25 20:00:04.072,2026-09-25
"1188","zhGIpSlaFI","MOOSPMv3Parser",1790366400,0,0,1,1,1,2,2,1,1,2,452,90,334519,15,10,1,11,11,35,9,11,1,38,40,17,19,512.5,87,1,36.138939,-120.368332,174.860992,8,600,58,3,"e00fce6850cac69f647dc199",2026-09-25 20:00:07.231,2026-09-25 20:00:07.563,2026-09-25 20:00:07.563,2026-09-25
"1189","cE1KP4lnpI","MOOSPMv3Parser",1790366401,0,0,0,0,0,0,0,0,0,0,256,67,219311,9,0,0,0,0,34,12,0,0,33,40,25,21,32.49,138,3277,6.4e-05,0.002307,13161.265625,9,600,58,3,"e00fce68e28dcbc9a589be10",2026-09-25 20:00:09.819,2026-09-25 20:00:09.976,2026-09-25 20:00:09.976,2026-09-25
"1190","K9zqeN1nvA","MOOSPMv3Parser",1790367000,0,0,0,0,0,0,0,0,0,0,369,54,0,12,0,2,0,0,31,21,0,2,32,35,32,30,18.705,93,4,36.187489,-119.822075,29.281,8,600,58,3,"e00fce68e739ecbcf9e91965",2026-09-25 20:10:02.847,2026-09-25 20:10:03.022,2026-09-25 20:10:03.022,2026-09-25
"1191","ehvdT8bgK5","MOOSPMv3Parser",1790367001,0,0,1,0,0,1,1,0,0,1,655,49,85968,4,4,0,4,4,-10,-10,4,1,31,32,35,36,28.044,169,1,36.503162,-120.325394,60.353001,8,600,58,3,"e00fce68e77e43df92405fdb",2026-09-25 20:10:02.89,2026-09-25 20:10:03.055,2026-09-25 20:10:03.055,2026-09-25
"1192","vExARt4xfX","MOOSPMv3Parser",1790367001,0,0,1,0,0,1,1,0,0,1,137,58,63787,6,6,1,6,6,33,26,6,1,33,38,28,24,20.688,157,1,36.198864,-120.104462,88.332001,7,600,58,3,"e00fce686dc2ef0a68fa40b0",2026-09-25 20:10:03.082,2026-09-25 20:10:03.255,2026-09-25 20:10:03.255,2026-09-25
"1193","kC7JbG0bn2","MOOSPMv3Parser",1790367001,0,0,2,0,0,3,4,0,0,4,184,101,151480,15,11,3,12,12,32,27,12,1,32,36,31,28,20.624,56,2,35.963112,-119.291901,59.408001,9,600,58,3,"e00fce68d6b773b56ce8baa0",2026-09-25 20:10:03.293,2026-09-25 20:10:03.472,2026-09-25 20:10:03.472,2026-09-25
"1194","3fHI9WZZIR","MOOSPMv3Parser",1790367000,2,2,2,3,3,3,4,3,3,4,1127,137,190987,18,15,1,16,17,32,18,17,1,31,37,29,25,29.244,62,1,35.775089,-119.23848,58.042,8,600,58,3,"e00fce68e88237db75a60608",2026-09-25 20:10:03.39,2026-09-25 20:10:03.581,2026-09-25 20:10:03.581,2026-09-25
"1195","a2c0T8DIAS","MOOSPMv3Parser",1790367001,1,1,2,2,2,6,10,4,4,11,298,90,231279,22,13,6,17,18,0,0,18,1,31,33,35,36,16.889,81,3,36.43359,-119.923401,30.128,9,600,58,3,"e00fce6876826e255108c6bd",2026-09-25 20:10:03.674,2026-09-25 20:10:03.834,2026-09-25 20:10:03.834,2026-09-25
"1196","m5QQmCWECQ","MOOSPMv3Parser",1790367001,9,9,7,12,12,7,7,13,13,7,1727,477,169769,75,52,4,53,53,32,23,53,0,31,37,32,27,38.766,52,6,36.523361,-119.278885,86.448997,6,600,58,3,"e00fce68f12da1a0c5de6248",2026-09-25 20:10:03.796,2026-09-25 20:10:03.943,2026-09-25 20:10:03.943,2026-09-25
"1197","B3eMXrToRG","MOOSPMv3Parser",1790367000,0,0,1,1,1,2,2,1,1,2,458,91,334530,14,10,1,10,10,35,9,10,0,39,40,18,20,512.561,90,1,36.13903,-120.368454,176.544006,7,600,58,3,"e00fce6850cac69f647dc199",2026-09-25 20:10:06.426,2026-09-25 20:10:06.594,2026-09-25 20:10:06.594,2026-09-25
"1198","eDHoP304yi","MOOSPMv3Parser",1790367001,0,0,0,0,0,0,0,0,0,0,254,68,219311,10,0,1,0,0,34,12,0,0,34,40,24,20,32.342,156,3277,6.4e-05,0.002307,13161.265625,9,600,58,3,"e00fce68e28dcbc9a589be10",2026-09-25 20:10:09.893,2026-09-25 20:10:10.08,2026-09-25 20:10:10.08,2026-09-25
"1199","vyi4kOdEU3","MOOSPMv3Parser",1790367001,4,4,3,6,6,5,6,6,6,7,954,246,287089,42,24,3,26,26,32,16,26,1,31,37,32,27,26.158,86,1,35.949562,-119.049927,113.959,0,600,58,3,"e00fce6808784ceaf209f949",2026-09-25 20:10:16.25,2026-09-25 20:10:16.487,2026-09-25 20:10:16.487,2026-09-25
"1200","PtTMmh7HdE","MOOSPMv3Parser",1790367600,2,2,0,4,4,0,0,5,4,0,743,154,0,39,0,7,0,0,32,20,0,2,33,36,31,30,18.496,96,3,36.187584,-119.822281,46.151001,7,600,58,3,"e00fce68e739ecbcf9e91965",2026-09-25 20:20:02.768,2026-09-25 20:20:02.947,2026-09-25 20:20:02.947,2026-09-25
"1201","BSZhe4TS3L","MOOSPMv3Parser",1790367601,0,0,1,0,0,1,1,0,0,1,674,49,85972,5,4,0,4,4,29,26,4,1,31,32,33,35,28.464,174,1,36.503208,-120.325378,50.620998,8,600,58,3,"e00fce68e77e43df92405fdb",2026-09-25 20:20:02.769,2026-09-25 20:20:03.015,2026-09-25 20:20:03.015,2026-09-25
"1202","ITIdCq2i98","MOOSPMv3Parser",1790367601,4,4,3,5,5,4,5,6,6,5,885,230,287105,36,20,3,21,22,32,15,22,1,31,36,31,26,27.624,74,1,35.949505,-119.049973,108.779999,5,600,58,3,"e00fce6808784ceaf209f949",2026-09-25 20:20:03.308,2026-09-25 20:20:03.459,2026-09-25 20:20:03.459,2026-09-25
"1203","xsQnDYQ95d","MOOSPMv3Parser",1790367600,2,2,2,3,3,3,3,3,3,4,1142,137,190999,20,15,2,16,16,32,17,16,1,31,37,28,25,29.577,63,1,35.77515,-119.238312,47.490002,8,600,58,3,"e00fce68e88237db75a60608",2026-09-25 20:20:03.387,2026-09-25 20:20:03.613,2026-09-25 20:20:03.613,2026-09-25
"1204","0AuJEfBAD4","MOOSPMv3Parser",1790367601,0,0,1,0,0,2,2,0,0,2,147,62,63793,6,8,1,9,9,33,26,9,1,32,38,29,25,20.906,148,1,36.198868,-120.104446,75.626999,9,600,58,3,"e00fce686dc2ef0a68fa40b0",2026-09-25 20:20:03.464,2026-09-25 20:20:03.655,2026-09-25 20:20:03.655,2026-09-25
"1205","kPScS8yy4h","MOOSPMv3Parser",1790367601,9,9,7,13,13,7,7,14,14,7,1801,491,169814,78,52,4,53,53,33,23,53,0,32,37,32,27,40.139,52,6,36.523361,-119.278885,86.445999,0,600,58,3,"e00fce68f12da1a0c5de6248",2026-09-25 20:20:03.427,2026-09-25 20:20:03.675,2026-09-25 20:20:03.675,2026-09-25
"1206","GusYgPgSVT","MOOSPMv3Parser",1790367601,0,0,2,2,2,5,8,4,4,10,296,90,231279,25,11,7,15,15,0,0,16,1,32,33,34,35,16.96,81,3,36.43364,-119.92337,28.839001,11,600,58,3,"e00fce6876826e255108c6bd",2026-09-25 20:20:03.529,2026-09-25 20:20:03.714,2026-09-25 20:20:03.714,2026-09-25
"1207","9OfY7rBAYj","MOOSPMv3Parser",1790367601,0,0,2,0,0,5,7,1,1,8,202,121,151491,23,16,5,18,19,33,26,19,1,32,36,31,28,20.38,66,1,35.963112,-119.291901,59.404999,0,600,58,3,"e00fce68d6b773b56ce8baa0",2026-09-25 20:20:03.52,2026-09-25 20:20:03.804,2026-09-25 20:20:03.804,2026-09-25
"1208","AaoNDN8RXG","MOOSPMv3Parser",1790367600,0,0,1,1,1,2,2,1,1,2,505,101,334542,15,11,1,11,11,35,8,11,0,39,40,17,19,512.632,93,1,36.139046,-120.368439,174.205002,8,600,58,3,"e00fce6850cac69f647dc199",2026-09-25 20:20:06.697,2026-09-25 20:20:06.837,2026-09-25 20:20:06.837,2026-09-25
"1209","m37c7oelgV","MOOSPMv3Parser",1790367601,0,0,0,0,0,0,0,0,0,0,218,57,219311,7,0,0,0,0,35,11,0,0,34,40,24,20,32.092,152,3277,6.4e-05,0.002307,13161.265625,9,600,58,3,"e00fce68e28dcbc9a589be10",2026-09-25 20:20:09.87,2026-09-25 20:20:10.026,2026-09-25 20:20:10.026,2026-09-25
"1210","JvDTB1pk8Q","MOOSPMv3Parser",1790368200,0,0,0,0,0,0,0,0,0,0,396,55,0,10,0,1,0,0,32,19,0,2,33,36,31,29,18.451,99,2,36.187565,-119.822212,41.516998,9,600,58,3,"e00fce68e739ecbcf9e91965",2026-09-25 20:30:02.768,2026-09-25 20:30:03.009,2026-09-25 20:30:03.009,2026-09-25
"1211","8JFw7BQNog","MOOSPMv3Parser",1790368201,0,0,0,0,0,1,1,0,0,1,670,49,85975,5,4,0,4,4,29,25,4,1,31,32,31,33,28.65,167,1,36.503075,-120.325386,50.314999,8,600,58,3,"e00fce68e77e43df92405fdb",2026-09-25 20:30:02.896,2026-09-25 20:30:03.175,2026-09-25 20:30:03.175,2026-09-25
"1212","lE5jtSDyak","MOOSPMv3Parser",1790368201,4,4,3,6,6,4,4,6,6,5,970,252,287121,39,20,3,21,21,31,16,21,1,30,36,31,26,28.918,59,1,35.949497,-119.050003,118.722,7,600,58,3,"e00fce6808784ceaf209f949",2026-09-25 20:30:03.329,2026-09-25 20:30:03.516,2026-09-25 20:30:03.516,2026-09-25
"1213","zEbhthyRTU","MOOSPMv3Parser",1790368201,0,0,2,0,0,4,5,0,0,6,190,104,151499,15,11,3,13,13,33,26,14,1,32,37,29,27,20.869,55,1,35.963184,-119.291862,51.096001,10,600,58,3,"e00fce68d6b773b56ce8baa0",2026-09-25 20:30:03.523,2026-09-25 20:30:03.706,2026-09-25 20:30:03.706,2026-09-25
"1214","NCqwU2OQIi","MOOSPMv3Parser",1790368201,8,8,7,12,12,7,7,12,12,7,1690,461,169859,70,52,2,52,52,33,22,52,0,32,38,31,26,39.872,50,6,36.523273,-119.278831,80.037003,8,600,58,3,"e00fce68f12da1a0c5de6248",2026-09-25 20:30:03.599,2026-09-25 20:30:03.736,2026-09-25 20:30:03.736,2026-09-25
"1215","ASxDp4Vh8c","MOOSPMv3Parser",1790368200,2,2,2,3,3,3,3,3,3,3,1137,142,191009,20,14,3,15,15,33,17,15,1,32,37,28,25,28.739,61,1,35.775116,-119.238525,68.700996,9,600,58,3,"e00fce68e88237db75a60608",2026-09-25 20:30:03.571,2026-09-25 20:30:03.76,2026-09-25 20:30:03.76,2026-09-25
"1216","mnRa3oAwqO","MOOSPMv3Parser",1790368201,0,0,2,1,1,5,7,2,2,9,241,73,231280,15,10,3,13,13,0,0,13,1,32,33,35,35,17.741,81,3,36.433678,-119.923378,48.48,9,600,58,3,"e00fce6876826e255108c6bd",2026-09-25 20:30:03.762,2026-09-25 20:30:03.928,2026-09-25 20:30:03.928,2026-09-25
"1217","R3zyYUwhyz","MOOSPMv3Parser",1790368201,0,0,1,0,0,2,2,0,0,2,175,84,63800,8,9,1,9,9,33,26,9,1,33,38,29,24,20.923,166,1,36.198792,-120.104424,81.970001,8,600,58,3,"e00fce686dc2ef0a68fa40b0",2026-09-25 20:30:03.8,2026-09-25 20:30:03.961,2026-09-25 20:30:03.961,2026-09-25
"1218","Pa70hvGFk4","MOOSPMv3Parser",1790368200,0,0,1,1,1,2,2,1,1,2,557,116,334555,18,11,1,11,11,36,8,11,0,40,41,16,19,512.505,84,1,36.138992,-120.368317,169.322006,6,600,58,3,"e00fce6850cac69f647dc199",2026-09-25 20:30:06.991,2026-09-25 20:30:07.191,2026-09-25 20:30:07.191,2026-09-25
"1219","uKyt6QbvZx","MOOSPMv3Parser",1790368201,0,0,0,0,0,0,0,0,0,0,208,53,219311,7,0,0,0,0,35,11,0,0,35,40,24,20,31.505,169,3277,6.4e-05,0.002307,13161.265625,9,600,58,3,"e00fce68e28dcbc9a589be10",2026-09-25 20:30:10.064,2026-09-25 20:30:10.219,2026-09-25 20:30:10.219,2026-09-25
"1220","oARGEJFr1Z","MOOSPMv3Parser",1790368801,0,0,1,0,0,1,1,0,0,1,173,87,63806,9,7,1,8,8,34,25,8,1,33,38,27,23,20.352,174,1,36.19873,-120.104477,83.323997,9,600,58,3,"e00fce686dc2ef0a68fa40b0",2026-09-25 20:40:02.773,2026-09-25 20:40:03.009,2026-09-25 20:40:03.009,2026-09-25
"1221","bSqsuAFa4V","MOOSPMv3Parser",1790368801,0,0,0,0,0,1,1,0,0,1,670,47,85978,5,3,0,4,4,-10,-10,4,1,31,32,32,33,28.635,165,1,36.503189,-120.325409,67.251999,5,600,58,3,"e00fce68e77e43df92405fdb",2026-09-25 20:40:02.93,2026-09-25 20:40:03.119,2026-09-25 20:40:03.119,2026-09-25
"1222","2OXNN0k4li","MOOSPMv3Parser",1790368800,0,0,0,0,0,0,0,1,1,0,395,57,0,12,0,2,0,0,32,19,0,2,33,36,30,28,19.052,92,2,36.187527,-119.822136,29.384001,9,600,58,3,"e00fce68e739ecbcf9e91965",2026-09-25 20:40:03.071,2026-09-25 20:40:03.225,2026-09-25 20:40:03.225,2026-09-25
"1223","fBEX3EhObi","MOOSPMv3Parser",1790368801,0,0,2,0,0,3,4,0,0,5,192,109,151507,15,12,3,13,14,34,25,14,1,33,37,28,26,21.437,45,1,35.963165,-119.291786,38.862,9,600,58,3,"e00fce68d6b773b56ce8baa0",2026-09-25 20:40:03.402,2026-09-25 20:40:03.547,2026-09-25 20:40:03.547,2026-09-25
"1224","bfEmomDDHL","MOOSPMv3Parser",1790368800,1,1,2,3,3,3,3,3,3,3,1043,129,191021,19,15,2,15,16,33,16,16,1,32,37,27,24,29.602,57,1,35.775024,-119.238571,66.542,9,600,58,3,"e00fce68e88237db75a60608",2026-09-25 20:40:03.466,2026-09-25 20:40:03.661,2026-09-25 20:40:03.661,2026-09-25
"1225","8BHVWCK4z3","MOOSPMv3Parser",1790368801,5,5,3,7,7,4,5,8,8,5,1091,288,287140,49,25,3,26,26,31,16,26,1,31,36,30,26,29.591,44,1,35.949631,-119.04995,135.720993,7,600,58,3,"e00fce6808784ceaf209f949",2026-09-25 20:40:03.56,2026-09-25 20:40:03.757,2026-09-25 20:40:03.757,2026-09-25
"1226","f5AOQg8eLd","MOOSPMv3Parser",1790368801,8,8,6,12,12,7,7,12,12,7,1673,462,169904,72,51,4,51,51,34,21,51,0,33,38,29,25,40.283,48,5,36.523323,-119.278847,95.469002,7,600,58,3,"e00fce68f12da1a0c5de6248",2026-09-25 20:40:03.567,2026-09-25 20:40:03.794,2026-09-25 20:40:03.794,2026-09-25
"1227","EZ4oTwnwoQ","MOOSPMv3Parser",1790368801,0,0,2,1,1,4,6,3,3,7,228,70,231280,17,9,5,12,12,0,0,13,1,32,33,34,35,18.364,81,3,36.433495,-119.923401,23.851,9,600,58,3,"e00fce6876826e255108c6bd",2026-09-25 20:40:03.881,2026-09-25 20:40:04.033,2026-09-25 20:40:04.033,2026-09-25
"1228","rCXjQktZPm","MOOSPMv3Parser",1790368800,1,1,2,1,1,2,2,1,1,2,568,116,334570,17,12,1,12,12,36,8,12,0,40,41,16,19,512.533,98,1,36.139072,-120.368355,182.102005,6,600,58,3,"e00fce6850cac69f647dc199",2026-09-25 20:40:07.4,2026-09-25 20:40:07.569,2026-09-25 20:40:07.569,2026-09-25
"1229","2px9GIsVEr","MOOSPMv3Parser",1790368801,0,0,0,0,0,0,0,0,0,0,220,55,219311,8,0,1,0,0,35,12,0,0,34,41,25,21,32.01,163,3277,6.4e-05,0.002307,13161.265625,9,600,58,3,"e00fce68e28dcbc9a589be10",2026-09-25 20:40:10.126,2026-09-25 20:40:10.321,2026-09-25 20:40:10.321,2026-09-25
"1230","01qO3iNLqx","MOOSPMv3Parser",1790369400,0,0,0,0,0,0,0,0,0,0,425,64,0,11,0,2,0,0,32,18,0,2,33,36,29,28,19.726,82,1,36.187527,-119.822136,30.379999,6,600,58,3,"e00fce68e739ecbcf9e91965",2026-09-25 20:50:02.77,2026-09-25 20:50:02.976,2026-09-25 20:50:02.976,2026-09-25
"1231","ge7bVB47c6","MOOSPMv3Parser",1790369401,0,0,0,0,0,1,1,0,0,1,645,42,85982,5,4,0,4,4,29,23,4,1,31,32,31,32,29.565,154,1,36.50309,-120.325394,46.965,7,600,58,3,"e00fce68e77e43df92405fdb",2026-09-25 20:50:02.788,2026-09-25 20:50:03.113,2026-09-25 20:50:03.113,2026-09-25
"1232","FbsfTJ93hl","MOOSPMv3Parser",1790369401,0,0,1,0,0,1,1,0,0,1,181,92,63813,9,8,1,8,8,34,26,8,1,33,39,29,24,21.083,155,1,36.198784,-120.104446,95.540001,8,600,58,3,"e00fce686dc2ef0a68fa40b0",2026-09-25 20:50:03.24,2026-09-25 20:50:03.501,2026-09-25 20:50:03.501,2026-09-25
"1233","ZofCHkvLkK","MOOSPMv3Parser",1790369400,1,1,2,2,2,3,3,2,2,3,1003,116,191031,18,14,1,14,15,32,15,15,1,32,37,26,23,28.291,57,1,35.775055,-119.238533,60.709999,7,600,58,3,"e00fce68e88237db75a60608",2026-09-25 20:50:03.466,2026-09-25 20:50:03.646,2026-09-25 20:50:03.646,2026-09-25
"1234","cmeSQV8C6z","MOOSPMv3Parser",1790369401,0,0,1,0,0,3,4,0,0,4,183,104,151515,14,10,3,11,11,34,25,11,1,33,37,29,26,21.802,46,1,35.963234,-119.291824,64.688004,6,600,58,3,"e00fce68d6b773b56ce8baa0",2026-09-25 20:50:03.441,2026-09-25 20:50:03.698,2026-09-25 20:50:03.698,2026-09-25
"1235","qnG4BycpXe","MOOSPMv3Parser",1790369401,8,8,6,11,11,6,6,12,12,6,1695,465,169947,67,48,3,49,49,34,20,49,0,32,39,29,25,42.674,48,5,36.523396,-119.278786,77.100998,8,600,58,3,"e00fce68f12da1a0c5de6248",2026-09-25 20:50:03.546,2026-09-25 20:50:03.714,2026-09-25 20:50:03.714,2026-09-25
"1236","L4KpCJBIKH","MOOSPMv3Parser",1790369401,6,6,4,8,8,5,5,9,9,5,1254,332,287164,55,29,4,30,30,31,16,30,1,31,35,30,26,31.217,36,1,35.949608,-119.049904,124.773003,5,600,58,3,"e00fce6808784ceaf209f949",2026-09-25 20:50:03.581,2026-09-25 20:50:03.729,2026-09-25 20:50:03.729,2026-09-25
"1237","xACfBWjVM6","MOOSPMv3Parser",1790369401,0,0,1,1,1,4,5,2,2,6,212,64,231280,18,8,5,11,11,0,0,11,1,32,33,33,35,18.607,81,4,36.433681,-119.923347,25.431999,9,600,58,3,"e00fce6876826e255108c6bd",2026-09-25 20:50:03.615,2026-09-25 20:50:03.777,2026-09-25 20:50:03.777,2026-09-25
"1238","dyfUvLqHKs","MOOSPMv3Parser",1790369400,0,0,1,1,1,2,2,2,2,2,571,116,334585,17,11,1,11,11,36,8,11,0,40,41,17,19,512.492,91,1,36.139072,-120.368355,182.098007,0,600,58,3,"e00fce6850cac69f647dc199",2026-09-25 20:50:06.344,2026-09-25 20:50:06.509,2026-09-25 20:50:06.509,2026-09-25
"1239","hzSSFq5BHl","MOOSPMv3Parser",1790369401,0,0,0,0,0,0,0,0,0,0,209,56,219311,8,0,1,0,0,35,12,0,0,35,41,24,21,31.499,185,3277,6.4e-05,0.002307,13161.265625,9,600,58,3,"e00fce68e28dcbc9a589be10",2026-09-25 20:50:10.123,2026-09-25 20:50:10.285,2026-09-25 20:50:10.285,2026-09-25
"1240","NpetcRoEub","MOOSPMv3Parser",1790370001,7,7,4,10,10,5,5,10,10,5,1463,388,287193,64,32,3,33,33,31,16,33,0,31,35,30,27,31.73,32,1,35.949627,-119.049881,121.373001,6,600,58,3,"e00fce6808784ceaf209f949",2026-09-25 21:00:03.224,2026-09-25 21:00:03.529,2026-09-25 21:00:03.529,2026-09-25
"1241","Bs8lTSpM0l","MOOSPMv3Parser",1790370000,0,0,0,1,1,0,0,1,1,0,534,87,0,20,0,3,0,0,32,18,0,2,33,36,29,28,20.752,78,1,36.187534,-119.822128,29.311001,8,600,58,3,"e00fce68e739ecbcf9e91965",2026-09-25 21:00:02.855,2026-09-25 21:00:03.574,2026-09-25 21:00:03.574,2026-09-25
"1242","NkAY4MlvJU","MOOSPMv3Parser",1790370001,0,0,0,0,0,1,1,0,0,1,702,45,85985,5,3,0,4,4,29,23,4,1,31,33,30,32,29.813,152,1,36.503105,-120.325424,40.708,11,600,58,3,"e00fce68e77e43df92405fdb",2026-09-25 21:00:03.033,2026-09-25 21:00:03.659,2026-09-25 21:00:03.659,2026-09-25
"1243","GxjQOIjfzm","MOOSPMv3Parser",1790370001,0,0,1,0,0,2,2,0,0,2,188,97,63821,10,10,1,11,11,34,25,11,1,33,39,27,23,21.468,173,1,36.198845,-120.104401,87.364998,9,600,58,3,"e00fce686dc2ef0a68fa40b0",2026-09-25 21:00:03.47,2026-09-25 21:00:03.788,2026-09-25 21:00:03.788,2026-09-25
"1244","1c8Cls78Gc","MOOSPMv3Parser",1790370000,1,1,2,2,2,2,3,2,2,3,1024,115,191041,14,13,1,14,14,33,16,14,1,32,38,27,24,30.549,52,1,35.775116,-119.238495,59.279999,10,600,58,3,"e00fce68e88237db75a60608",2026-09-25 21:00:03.645,2026-09-25 21:00:03.857,2026-09-25 21:00:03.857,2026-09-25
"1245","DYBUM6h6kV","MOOSPMv3Parser",1790370001,8,8,6,10,10,6,6,11,11,6,1652,453,169988,66,46,3,47,47,34,20,47,0,33,39,29,25,42.418,54,4,36.523304,-119.278862,93.646004,7,600,58,3,"e00fce68f12da1a0c5de6248",2026-09-25 21:00:03.494,2026-09-25 21:00:03.89,2026-09-25 21:00:03.89,2026-09-25
"1246","jy88eps6fT","MOOSPMv3Parser",1790370001,0,0,1,1,1,3,5,1,1,6,166,49,231281,12,8,2,10,11,0,0,11,1,33,33,32,34,18.642,81,4,36.433628,-119.923416,34.910999,6,600,58,3,"e00fce6876826e255108c6bd",2026-09-25 21:00:03.617,2026-09-25 21:00:03.908,2026-09-25 21:00:03.908,2026-09-25
"1247","8xydj71kdL","MOOSPMv3Parser",1790370001,0,0,1,0,0,3,4,0,0,4,195,111,151523,16,10,3,11,12,34,24,12,1,33,38,28,25,21.764,52,1,35.963299,-119.291824,35.602001,9,600,58,3,"e00fce68d6b773b56ce8baa0",2026-09-25 21:00:03.368,2026-09-25 21:00:03.971,2026-09-25 21:00:03.971,2026-09-25
"1248","2RRYJqi3Gp","MOOSPMv3Parser",1790370000,0,0,1,1,1,2,2,1,1,2,542,111,334599,17,12,1,12,12,36,9,12,0,40,41,17,20,512.49,115,1,36.138969,-120.368332,207.535004,5,600,58,3,"e00fce6850cac69f647dc199",2026-09-25 21:00:06.351,2026-09-25 21:00:06.54,2026-09-25 21:00:06.54,2026-09-25
"1249","vqhH38EKlI","MOOSPMv3Parser",1790370001,0,0,0,0,0,0,0,0,0,0,233,62,219311,9,0,1,0,0,36,11,0,0,35,41,24,20,31.736,195,3277,6.4e-05,0.002307,13161.265625,9,600,58,3,"e00fce68e28dcbc9a589be10",2026-09-25 21:00:09.976,2026-09-25 21:00:10.187,2026-09-25 21:00:10.187,2026-09-25
"1250","q4dESD67nk","MOOSPMv3Parser",1790370601,1,1,2,1,1,2,2,1,1,2,252,150,63831,18,12,1,12,12,34,24,12,1,33,39,27,23,22.18,144,1,36.198814,-120.104424,76.916,7,600,58,3,"e00fce686dc2ef0a68fa40b0",2026-09-25 21:10:02.592,2026-09-25 21:10:02.755,2026-09-25 21:10:02.755,2026-09-25
"1251","hAB3QGW9JA","MOOSPMv3Parser",1790370600,0,0,0,1,1,0,0,1,1,0,489,79,0,17,0,2,0,0,32,18,0,2,33,36,30,28,21.922,60,1,36.187489,-119.822151,22.923,9,600,58,3,"e00fce68e739ecbcf9e91965",2026-09-25 21:10:02.847,2026-09-25 21:10:03.011,2026-09-25 21:10:03.011,2026-09-25
"1252","YkL0zbsa09","MOOSPMv3Parser",1790370601,0,0,1,0,0,1,1,0,0,1,724,47,85988,5,4,0,5,5,29,22,5,1,31,33,30,31,30.635,154,1,36.503197,-120.325424,68.453003,6,600,58,3,"e00fce68e77e43df92405fdb",2026-09-25 21:10:02.927,2026-09-25 21:10:03.104,2026-09-25 21:10:03.104,2026-09-25
"1253","rGHc1TG5qE","MOOSPMv3Parser",1790370601,0,0,2,0,0,2,3,0,0,4,200,116,151532,18,11,2,12,12,34,24,12,1,33,38,27,24,22.153,48,1,35.963295,-119.291801,28.031,6,600,58,3,"e00fce68d6b773b56ce8baa0",2026-09-25 21:10:03.129,2026-09-25 21:10:03.294,2026-09-25 21:10:03.294,2026-09-25
"1254","ef8QXuU2aJ","MOOSPMv3Parser",1790370601,8,8,6,11,11,6,6,11,11,6,1693,463,170027,72,44,2,44,44,34,20,44,0,33,39,30,25,43.54,48,3,36.523296,-119.278839,76.053001,7,600,58,3,"e00fce68f12da1a0c5de6248",2026-09-25 21:10:03.376,2026-09-25 21:10:03.549,2026-09-25 21:10:03.549,2026-09-25
"1255","2rzsrnj30C","MOOSPMv3Parser",1790370600,1,1,2,3,3,3,4,3,3,4,1054,124,191053,19,15,2,16,16,33,17,16,1,33,37,27,25,31.314,63,1,35.775066,-119.238503,66.383003,8,600,58,3,"e00fce68e88237db75a60608",2026-09-25 21:10:03.463,2026-09-25 21:10:03.644,2026-09-25 21:10:03.644,2026-09-25
"1256","RdjztSZFaf","MOOSPMv3Parser",1790370601,6,6,4,9,9,4,5,9,9,5,1309,349,287221,56,30,4,31,31,31,17,31,0,31,35,30,27,31.982,25,2,35.949524,-119.049942,119.184998,5,600,58,3,"e00fce6808784ceaf209f949",2026-09-25 21:10:03.536,2026-09-25 21:10:03.714,2026-09-25 21:10:03.714,2026-09-25
"1257","HfXyFUS5QQ","MOOSPMv3Parser",1790370601,0,0,1,1,1,4,6,2,2,7,236,72,231282,17,9,4,11,12,0,0,12,1,32,33,32,34,19.113,82,4,36.433678,-119.923363,34.097,6,600,58,3,"e00fce6876826e255108c6bd",2026-09-25 21:10:03.686,2026-09-25 21:10:03.903,2026-09-25 21:10:03.903,2026-09-25
"1258","mjAXjD4Ldu","MOOSPMv3Parser",1790370600,0,0,1,1,1,1,1,1,1,1,482,92,334603,12,8,1,8,8,36,9,8,0,40,41,17,20,512.555,160,1,36.138958,-120.368317,174.018005,6,600,58,3,"e00fce6850cac69f647dc199",2026-09-25 21:10:06.445,2026-09-25 21:10:06.621,2026-09-25 21:10:06.621,2026-09-25
"1259","8A7yyswaQD","MOOSPMv3Parser",1790370601,0,0,0,0,0,0,0,0,0,0,253,63,219311,9,0,1,0,0,36,12,0,0,36,42,24,20,31.118,192,3277,6.4e-05,0.002307,13161.265625,9,600,58,3,"e00fce68e28dcbc9a589be10",2026-09-25 21:10:10.062,2026-09-25 21:10:10.272,2026-09-25 21:10:10.272,2026-09-25
"1260","hOeCimcFpR","MOOSPMv3Parser",1790371201,0,0,1,0,0,1,1,0,0,1,181,90,63836,9,7,1,7,7,34,25,7,1,33,39,27,23,23.369,134,1,36.198849,-120.10437,84.648003,8,600,58,3,"e00fce686dc2ef0a68fa40b0",2026-09-25 21:20:02.841,2026-09-25 21:20:03.04,2026-09-25 21:20:03.04,2026-09-25
"1261","ZuSFiARATh","MOOSPMv3Parser",1790371201,0,0,1,0,0,1,1,0,0,1,753,42,85993,4,5,0,6,6,29,22,6,1,32,33,30,32,30.863,152,1,36.503197,-120.325424,68.452003,0,600,58,3,"e00fce68e77e43df92405fdb",2026-09-25 21:20:02.946,2026-09-25 21:20:03.162,2026-09-25 21:20:03.162,2026-09-25
"1262","OAgIZ1QjXN","MOOSPMv3Parser",1790371200,0,0,0,1,1,0,0,1,1,0,535,86,0,16,0,1,0,0,32,18,0,2,33,36,28,28,22.499,65,2,36.187492,-119.82209,25.104,9,600,58,3,"e00fce68e739ecbcf9e91965",2026-09-25 21:20:03.072,2026-09-25 21:20:03.386,2026-09-25 21:20:03.386,2026-09-25
"1263","G4lcfaMFCX","MOOSPMv3Parser",1790371201,7,7,5,11,11,6,6,11,11,6,1652,457,170064,65,43,2,43,43,35,19,43,0,33,40,29,24,44.19,49,3,36.523327,-119.2789,75.208,6,600,58,3,"e00fce68f12da1a0c5de6248",2026-09-25 21:20:03.254,2026-09-25 21:20:03.403,2026-09-25 21:20:03.403,2026-09-25
"1264","BMMY16Yudy","MOOSPMv3Parser",1790371200,1,1,2,3,3,3,4,3,3,4,1090,132,191063,20,14,3,15,16,33,17,16,1,33,38,28,26,30.995,57,1,35.775066,-119.238503,66.378998,0,600,58,3,"e00fce68e88237db75a60608",2026-09-25 21:20:03.393,2026-09-25 21:20:03.533,2026-09-25 21:20:03.533,2026-09-25
"1265","OwHu4XxVPZ","MOOSPMv3Parser",1790371201,0,0,2,0,0,3,4,0,0,4,213,127,151542,21,13,4,14,15,34,24,15,1,33,38,27,24,22.75,41,1,35.963154,-119.291794,52.560001,5,600,58,3,"e00fce68d6b773b56ce8baa0",2026-09-25 21:20:03.514,2026-09-25 21:20:03.706,2026-09-25 21:20:03.706,2026-09-25
"1266","epxODpcxUP","MOOSPMv3Parser",1790371201,5,5,3,7,7,4,4,8,8,4,1068,286,287239,46,24,3,25,25,30,17,25,0,31,35,29,27,31.729,21,2,35.949524,-119.049942,119.18,0,600,58,3,"e00fce6808784ceaf209f949",2026-09-25 21:20:03.568,2026-09-25 21:20:03.815,2026-09-25 21:20:03.815,2026-09-25
"1267","YSKmaMu8cf","MOOSPMv3Parser",1790371201,0,0,1,1,1,2,4,1,1,4,176,52,231282,11,6,2,8,8,0,0,8,1,33,34,31,33,18.768,82,5,36.433601,-119.923416,21.761999,8,600,58,3,"e00fce6876826e255108c6bd",2026-09-25 21:20:03.607,2026-09-25 21:20:03.845,2026-09-25 21:20:03.845,2026-09-25
"1268","HUnccvCuCw","MOOSPMv3Parser",1790371200,0,0,1,1,1,1,1,1,1,1,486,90,334613,14,10,1,10,10,36,8,10,0,40,41,17,19,512.467,162,1,36.139019,-120.368355,198.494003,6,600,58,3,"e00fce6850cac69f647dc199",2026-09-25 21:20:06.507,2026-09-25 21:20:06.646,2026-09-25 21:20:06.646,2026-09-25
"1269","J0GC0Ggf0q","MOOSPMv3Parser",1790371201,0,0,0,0,0,0,0,0,0,0,265,68,219311,9,0,1,0,0,36,11,0,0,35,42,23,20,32.228,180,3277,6.4e-05,0.002307,13161.265625,9,600,58,3,"e00fce68e28dcbc9a589be10",2026-09-25 21:20:10.118,2026-09-25 21:20:10.377,2026-09-25 21:20:10.377,2026-09-25
"1270","lnUTjniIbv","MOOSPMv3Parser",1790371800,0,0,0,2,2,0,0,2,2,0,613,107,0,21,0,3,0,0,32,17,0,2,33,36,28,27,23.994,47,2,36.187634,-119.822289,15.904,7,600,58,3,"e00fce68e739ecbcf9e91965",2026-09-25 21:30:03.011,2026-09-25 21:30:03.175,2026-09-25 21:30:03.175,2026-09-25
"1271","sVrmm4JYEd","MOOSPMv3Parser",1790371801,0,0,1,0,0,1,2,0,0,2,700,46,85998,5,6,0,6,6,29,23,7,1,32,33,32,33,31.89,144,1,36.503159,-120.325493,65.231003,8,600,58,3,"e00fce68e77e43df92405fdb",2026-09-25 21:30:02.956,2026-09-25 21:30:03.188,2026-09-25 21:30:03.188,2026-09-25
"1272","2XTXeyB23p","MOOSPMv3Parser",1790371801,0,0,1,0,0,1,1,0,0,1,154,71,63841,7,6,0,6,6,34,25,6,1,33,39,28,24,22.66,131,1,36.198826,-120.104401,85.614998,8,600,58,3,"e00fce686dc2ef0a68fa40b0",2026-09-25 21:30:03.256,2026-09-25 21:30:03.448,2026-09-25 21:30:03.448,2026-09-25
"1273","XezMCFq9Ak","MOOSPMv3Parser",1790371801,4,4,3,6,6,4,4,7,7,4,1010,268,287257,41,24,3,24,24,30,18,24,1,32,34,30,29,31.615,19,2,35.94952,-119.049934,134.576004,6,600,58,3,"e00fce6808784ceaf209f949",2026-09-25 21:30:03.325,2026-09-25 21:30:03.523,2026-09-25 21:30:03.523,2026-09-25
"1274","4VspB2J32H","MOOSPMv3Parser",1790371801,0,0,2,0,0,3,4,0,0,4,197,116,151550,15,11,2,13,13,34,24,13,1,34,38,26,24,23.838,38,1,35.963192,-119.29184,41.569,6,600,58,3,"e00fce68d6b773b56ce8baa0",2026-09-25 21:30:03.37,2026-09-25 21:30:03.566,2026-09-25 21:30:03.566,2026-09-25
"1275","3XGuqrTzYg","MOOSPMv3Parser",1790371801,7,7,5,10,10,5,5,11,11,5,1650,453,170100,68,41,2,41,41,35,19,41,0,33,40,29,24,44.821,42,3,36.52319,-119.278824,92.532997,6,600,58,3,"e00fce68f12da1a0c5de6248",2026-09-25 21:30:03.557,2026-09-25 21:30:03.79,2026-09-25 21:30:03.79,2026-09-25
"1276","mqx3MlPt9B","MOOSPMv3Parser",1790371800,2,2,2,3,3,3,4,3,3,4,1156,140,191073,19,15,2,16,16,33,18,16,1,33,37,28,26,32.417,58,1,35.775013,-119.238503,63.661999,6,600,58,3,"e00fce68e88237db75a60608",2026-09-25 21:30:03.623,2026-09-25 21:30:03.803,2026-09-25 21:30:03.803,2026-09-25
"1277","8F5GQZ2HEa","MOOSPMv3Parser",1790371801,0,0,2,1,1,4,6,2,2,6,186,56,231282,13,10,3,12,13,0,0,13,1,33,34,30,32,19.182,82,4,36.433704,-119.92337,31.349001,7,600,58,3,"e00fce6876826e255108c6bd",2026-09-25 21:30:03.618,2026-09-25 21:30:03.819,2026-09-25 21:30:03.819,2026-09-25
"1278","MsZWPQSDhA","MOOSPMv3Parser",1790371800,0,0,1,0,0,1,1,1,1,1,455,85,334623,11,10,1,10,10,36,9,10,0,40,41,18,20,512.417,161,1,36.138939,-120.368408,162.973999,6,600,58,3,"e00fce6850cac69f647dc199",2026-09-25 21:30:06.419,2026-09-25 21:30:06.64,2026-09-25 21:30:06.64,2026-09-25
"1279","UEqPsGayeX","MOOSPMv3Parser",1790371801,0,0,0,0,0,0,0,1,1,0,331,88,219311,14,0,1,0,0,35,12,0,0,36,41,24,20,32.574,163,3277,6.4e-05,0.002307,13161.265625,9,600,58,3,"e00fce68e28dcbc9a589be10",2026-09-25 21:30:10.074,2026-09-25 21:30:10.275,2026-09-25 21:30:10.275,2026-09-25
"1280","Lcyw186oDf","MOOSPMv3Parser",1790372401,0,0,0,0,0,1,1,0,0,1,737,44,86001,5,4,0,4,4,30,23,4,1,32,33,31,33,31.886,151,1,36.503284,-120.325462,72.946999,6,600,58,3,"e00fce68e77e43df92405fdb",2026-09-25 21:40:02.91,2026-09-25 21:40:03.11,2026-09-25 21:40:03.11,2026-09-25
"1281","lCDAqx1gVg","MOOSPMv3Parser",1790372400,0,0,0,1,1,0,0,2,2,0,549,95,0,19,0,3,0,0,32,17,0,2,34,37,29,28,24.148,45,2,36.187634,-119.822289,15.906,0,600,58,3,"e00fce68e739ecbcf9e91965",2026-09-25 21:40:03.004,2026-09-25 21:40:03.261,2026-09-25 21:40:03.261,2026-09-25
"1282","xsN9jQqY6L","MOOSPMv3Parser",1790372401,5,5,3,7,7,4,4,7,7,4,1019,271,287275,43,25,3,25,25,30,18,25,1,31,34,29,28,31.951,19,2,35.949585,-119.049965,117.968002,7,600,58,3,"e00fce6808784ceaf209f949",2026-09-25 21:40:03.307,2026-09-25 21:40:03.474,2026-09-25 21:40:03.474,2026-09-25
"1283","PEsDBDFvQD","MOOSPMv3Parser",1790372401,0,0,2,0,0,2,3,0,0,3,202,119,151558,16,11,3,12,12,34,24,12,1,34,38,26,24,24.614,26,1,35.963203,-119.291901,38.551998,5,600,58,3,"e00fce68d6b773b56ce8baa0",2026-09-25 21:40:03.458,2026-09-25 21:40:03.605,2026-09-25 21:40:03.605,2026-09-25
"1284","7pEMrTbXhS","MOOSPMv3Parser",1790372401,0,0,1,0,0,1,1,0,0,1,159,73,63847,8,7,1,8,8,34,24,8,1,33,39,27,23,23.162,140,1,36.198826,-120.104401,85.615997,0,600,58,3,"e00fce686dc2ef0a68fa40b0",2026-09-25 21:40:03.467,2026-09-25 21:40:03.612,2026-09-25 21:40:03.612,2026-09-25
"1285","nZOjtcz74U","MOOSPMv3Parser",1790372401,8,8,5,11,11,5,5,11,11,5,1764,483,170134,68,40,3,40,40,34,19,40,0,33,40,30,24,45.607,40,3,36.522949,-119.278885,108.337997,5,600,58,3,"e00fce68f12da1a0c5de6248",2026-09-25 21:40:03.573,2026-09-25 21:40:03.777,2026-09-25 21:40:03.777,2026-09-25
"1286","Cgzgd4oOxH","MOOSPMv3Parser",1790372400,1,1,2,3,3,3,4,3,3,5,1128,131,191083,18,14,2,15,16,33,18,16,1,33,38,28,26,33.003,59,1,35.775024,-119.238602,75.209,7,600,58,3,"e00fce68e88237db75a60608",2026-09-25 21:40:03.584,2026-09-25 21:40:03.793,2026-09-25 21:40:03.793,2026-09-25
"1287","MFchiMTz5p","MOOSPMv3Parser",1790372401,0,0,1,1,1,3,4,2,2,5,191,56,231282,11,8,2,9,10,0,0,10,1,33,34,28,30,19.595,82,4,36.433704,-119.92337,31.351,0,600,58,3,"e00fce6876826e255108c6bd",2026-09-25 21:40:03.692,2026-09-25 21:40:03.868,2026-09-25 21:40:03.868,2026-09-25
"1288","Jj3ub11pA5","MOOSPMv3Parser",1790372400,0,0,1,0,0,1,1,1,1,1,452,88,334630,12,9,1,10,10,36,9,10,0,40,41,17,20,512.405,149,1,36.138969,-120.368248,179.690994,5,600,58,3,"e00fce6850cac69f647dc199",2026-09-25 21:40:06.568,2026-09-25 21:40:06.733,2026-09-25 21:40:06.733,2026-09-25
"1289","VHApajF8xv","MOOSPMv3Parser",1790372401,0,0,0,1,1,0,0,1,1,0,355,94,219311,13,0,1,0,0,35,11,0,0,36,41,23,20,33.58,145,3277,6.4e-05,0.002307,13161.265625,9,600,58,3,"e00fce68e28dcbc9a589be10",2026-09-25 21:40:10.188,2026-09-25 21:40:10.416,2026-09-25 21:40:10.416,2026-09-25
"1290","IxQfk9c4xo","MOOSPMv3Parser",1790373001,0,0,1,0,0,1,1,0,0,1,154,67,63852,7,7,1,7,7,34,24,7,1,34,39,26,22,22.084,131,1,36.198818,-120.10434,90.589996,7,600,58,3,"e00fce686dc2ef0a68fa40b0",2026-09-25 21:50:02.443,2026-09-25 21:50:02.606,2026-09-25 21:50:02.606,2026-09-25
"1291","atMVhpsnO5","MOOSPMv3Parser",1790373001,0,0,1,0,0,1,1,0,0,1,786,52,86004,5,4,0,4,4,30,22,4,1,32,34,29,32,32.958,161,1,36.503174,-120.325447,59.021,8,600,58,3,"e00fce68e77e43df92405fdb",2026-09-25 21:50:02.842,2026-09-25 21:50:03.061,2026-09-25 21:50:03.061,2026-09-25
"1292","EBkW7TTAew","MOOSPMv3Parser",1790373000,0,0,0,2,2,0,0,2,2,0,664,122,0,20,0,3,0,0,32,17,0,2,34,37,28,28,25.102,41,2,36.187523,-119.822182,20.332001,9,600,58,3,"e00fce68e739ecbcf9e91965",2026-09-25 21:50:03.1,2026-09-25 21:50:03.33,2026-09-25 21:50:03.33,2026-09-25
"1293","7hbL6gcOSR","MOOSPMv3Parser",1790373001,8,8,5,11,11,5,5,12,12,5,1760,477,170168,71,40,3,40,40,34,19,40,0,33,40,30,24,46.229,36,3,36.523243,-119.278854,85.577003,5,600,58,3,"e00fce68f12da1a0c5de6248",2026-09-25 21:50:03.396,2026-09-25 21:50:03.543,2026-09-25 21:50:03.543,2026-09-25
"1294","HumWzDCzPx","MOOSPMv3Parser",1790373001,0,0,2,0,0,4,5,0,0,5,206,123,151568,20,14,4,16,16,35,22,16,1,34,38,24,23,24.723,35,1,35.963116,-119.291801,41.403999,5,600,58,3,"e00fce68d6b773b56ce8baa0",2026-09-25 21:50:03.4,2026-09-25 21:50:03.595,2026-09-25 21:50:03.595,2026-09-25
"1295","THzOQ5Ibvy","MOOSPMv3Parser",1790373000,1,1,2,2,2,3,4,2,2,5,1084,125,191092,18,14,2,16,16,33,18,16,1,33,37,28,26,32.686,64,1,35.775063,-119.238571,71.247002,6,600,58,3,"e00fce68e88237db75a60608",2026-09-25 21:50:03.463,2026-09-25 21:50:03.604,2026-09-25 21:50:03.604,2026-09-25
"1296","e21uml5YCc","MOOSPMv3Parser",1790373001,4,4,3,6,6,3,4,6,6,4,951,248,287291,39,21,3,22,22,30,18,22,1,32,34,29,28,31.755,21,2,35.949581,-119.049942,109.502998,7,600,58,3,"e00fce6808784ceaf209f949",2026-09-25 21:50:03.569,2026-09-25 21:50:03.727,2026-09-25 21:50:03.727,2026-09-25
"1297","3WK1uyQp0V","MOOSPMv3Parser",1790373001,0,0,1,1,1,3,4,2,2,5,236,69,231282,18,9,3,10,11,0,0,11,1,33,34,29,31,20.119,82,5,36.433559,-119.923317,29.601,8,600,58,3,"e00fce6876826e255108c6bd",2026-09-25 21:50:03.789,2026-09-25 21:50:03.991,2026-09-25 21:50:03.991,2026-09-25
"1298","pBUTdUNw0k","MOOSPMv3Parser",1790373000,0,0,1,1,1,1,2,1,1,2,489,93,334640,14,10,1,10,10,35,8,10,0,40,41,17,20,512.336,143,1,36.13895,-120.368279,181.942001,7,600,58,3,"e00fce6850cac69f647dc199",2026-09-25 21:50:06.757,2026-09-25 21:50:07.054,2026-09-25 21:50:07.054,2026-09-25
"1299","DQ9bqaCBfM","MOOSPMv3Parser",1790373001,0,0,0,1,1,0,0,1,1,0,436,115,219311,16,0,1,0,0,35,12,0,0,36,41,23,20,35.474,114,3277,6.4e-05,0.002307,13161.265625,9,600,58,3,"e00fce68e28dcbc9a589be10",2026-09-25 21:50:10.256,2026-09-25 21:50:10.436,2026-09-25 21:50:10.436,2026-09-25
"1300","HaHHie3wdx","MOOSPMv3Parser",1790373601,0,0,1,0,0,1,1,0,0,1,190,99,63859,10,8,1,8,8,34,24,8,1,34,39,26,22,23.493,134,1,36.198807,-120.104454,71.418999,7,600,58,3,"e00fce686dc2ef0a68fa40b0",2026-09-25 22:00:02.83,2026-09-25 22:00:03.608,2026-09-25 22:00:03.608,2026-09-25
"1301","EdMnFHhzWS","MOOSPMv3Parser",1790373601,0,0,3,1,1,5,7,1,1,8,231,143,151581,28,20,5,22,23,35,23,23,1,34,38,25,23,25.312,28,1,35.96315,-119.29184,37.676998,6,600,58,3,"e00fce68d6b773b56ce8baa0",2026-09-25 22:00:03.54,2026-09-25 22:00:03.947,2026-09-25 22:00:03.947,2026-09-25
"1302","uMBgq9gdrD","MOOSPMv3Parser",1790373600,1,1,2,2,2,4,5,3,3,6,1063,122,191101,17,13,3,15,15,32,18,16,1,33,37,28,26,32.198,63,1,35.77504,-119.238571,66.107002,7,600,58,3,"e00fce68e88237db75a60608",2026-09-25 22:00:03.461,2026-09-25 22:00:03.951,2026-09-25 22:00:03.951,2026-09-25
"1303","NZqqm7thdu","MOOSPMv3Parser",1790373601,4,4,3,6,6,4,4,6,6,5,907,238,287308,36,21,2,22,22,30,18,22,1,32,34,29,28,32.152,19,2,35.949646,-119.049988,115.540001,8,600,58,3,"e00fce6808784ceaf209f949",2026-09-25 22:00:03.562,2026-09-25 22:00:03.956,2026-09-25 22:00:03.956,2026-09-25
"1304","WoSKrSVDPd","MOOSPMv3Parser",1790373600,0,0,0,2,2,0,0,2,2,0,617,112,0,22,0,3,0,0,32,16,0,2,34,37,27,27,25.07,40,2,36.187462,-119.822006,33.844002,9,600,58,3,"e00fce68e739ecbcf9e91965",2026-09-25 22:00:02.858,2026-09-25 22:00:04.04,2026-09-25 22:00:04.04,2026-09-25
"1305","2wVqXBcZgA","MOOSPMv3Parser",1790373601,0,0,1,0,0,1,1,0,0,1,808,50,86008,5,4,1,4,4,30,22,4,1,33,34,29,31,34.325,160,1,36.503056,-120.32534,51.723,6,600,58,3,"e00fce68e77e43df92405fdb",2026-09-25 22:00:02.825,2026-09-25 22:00:04.072,2026-09-25 22:00:04.072,2026-09-25
"1306","5OSRaWiTDn","MOOSPMv3Parser",1790373601,0,0,1,1,1,4,6,2,2,6,229,67,231284,14,9,3,12,12,0,0,12,1,33,35,29,31,19.569,82,6,36.433632,-119.923386,27.481001,7,600,58,3,"e00fce6876826e255108c6bd",2026-09-25 22:00:03.672,2026-09-25 22:00:04.625,2026-09-25 22:00:04.625,2026-09-25
"1307","jry8uredDF","MOOSPMv3Parser",1790373601,9,9,5,12,12,5,5,13,13,5,1845,508,170203,67,41,3,41,41,34,19,41,0,32,39,30,25,45.877,37,3,36.523254,-119.278763,96.306999,5,600,58,3,"e00fce68f12da1a0c5de6248",2026-09-25 22:00:03.507,2026-09-25 22:00:04.671,2026-09-25 22:00:04.671,2026-09-25
"1308","zw2n4Ylve3","MOOSPMv3Parser",1790373600,0,0,1,0,0,1,1,0,0,1,440,81,334644,12,9,1,9,9,35,9,9,0,40,41,18,20,512.358,147,1,36.138954,-120.368446,170.173996,8,600,58,3,"e00fce6850cac69f647dc199",2026-09-25 22:00:06.907,2026-09-25 22:00:07.109,2026-09-25 22:00:07.109,2026-09-25
"1309","lokt6HfBAg","MOOSPMv3Parser",1790373601,0,0,0,1,1,0,0,1,1,0,433,116,219311,16,0,1,0,0,35,12,0,0,35,41,23,20,35.24,116,3277,6.4e-05,0.002307,13161.265625,9,600,58,3,"e00fce68e28dcbc9a589be10",2026-09-25 22:00:09.895,2026-09-25 22:00:10.028,2026-09-25 22:00:10.028,2026-09-25
"1310","ej2z5QJCg6","MOOSPMv3Parser",1790374201,0,0,1,0,0,1,1,0,0,1,828,52,86012,5,5,1,5,5,30,22,5,1,32,34,31,31,34.666,161,1,36.50312,-120.325363,52.532001,8,600,58,3,"e00fce68e77e43df92405fdb",2026-09-25 22:10:02.794,2026-09-25 22:10:03.002,2026-09-25 22:10:03.002,2026-09-25
"1311","Dx35Md5SUT","MOOSPMv3Parser",1790374200,0,0,0,2,2,0,0,2,2,0,610,111,0,23,0,4,0,0,32,16,0,2,34,37,27,26,26.101,31,3,36.1875,-119.822029,35.006001,7,600,58,3,"e00fce68e739ecbcf9e91965",2026-09-25 22:10:03.004,2026-09-25 22:10:03.168,2026-09-25 22:10:03.168,2026-09-25
"1312","7grXgqxVtP","MOOSPMv3Parser",1790374201,1,1,2,1,1,2,2,2,2,2,255,159,63872,26,16,2,16,16,34,24,16,0,34,39,26,22,23.36,152,1,36.198925,-120.104485,69.864998,7,600,58,3,"e00fce686dc2ef0a68fa40b0",2026-09-25 22:10:03.173,2026-09-25 22:10:03.381,2026-09-25 22:10:03.381,2026-09-25
"1313","NyhPIgv2OM","MOOSPMv3Parser",1790374201,0,0,2,0,0,4,5,1,1,6,229,143,151591,24,16,4,17,18,35,23,18,1,34,38,26,24,25.013,28,1,35.96315,-119.29184,37.681999,0,600,58,3,"e00fce68d6b773b56ce8baa0",2026-09-25 22:10:03.289,2026-09-25 22:10:03.486,2026-09-25 22:10:03.486,2026-09-25
"1314","MgjHfAMjGa","MOOSPMv3Parser",1790374201,3,3,2,5,5,3,4,5,5,4,776,199,287324,31,17,3,18,18,30,18,18,1,32,34,28,28,31.694,19,2,35.949593,-119.049889,120.947998,7,600,58,3,"e00fce6808784ceaf209f949",2026-09-25 22:10:03.389,2026-09-25 22:10:03.597,2026-09-25 22:10:03.597,2026-09-25
"1315","hYZbno0u8G","MOOSPMv3Parser",1790374200,1,1,2,3,3,3,4,3,3,5,1089,129,191109,18,13,2,14,14,32,18,14,1,33,37,28,26,32.202,62,1,35.77507,-119.238518,70.850998,10,600,58,3,"e00fce68e88237db75a60608",2026-09-25 22:10:03.462,2026-09-25 22:10:03.71,2026-09-25 22:10:03.71,2026-09-25
"1316","Cp7NY70wZB","MOOSPMv3Parser",1790374201,10,10,6,13,13,6,6,14,14,6,1912,527,170241,74,44,3,44,44,33,21,44,0,32,38,32,26,47.796,27,3,36.523254,-119.278763,96.302002,0,600,58,3,"e00fce68f12da1a0c5de6248",2026-09-25 22:10:03.663,2026-09-25 22:10:03.818,2026-09-25 22:10:03.818,2026-09-25
"1317","OKaqFhpjWp","MOOSPMv3Parser",1790374201,0,0,1,1,1,3,4,2,2,5,226,67,231284,15,8,2,10,10,0,0,10,1,33,35,29,31,20.204,82,6,36.433632,-119.923401,26.162001,9,600,58,3,"e00fce6876826e255108c6bd",2026-09-25 22:10:03.838,2026-09-25 22:10:03.997,2026-09-25 22:10:03.997,2026-09-25
"1318","oYZ53FtFED","MOOSPMv3Parser",1790374200,0,0,1,1,1,1,1,1,1,1,494,96,334651,12,9,1,9,9,35,8,9,0,39,41,17,19,512.471,137,1,36.138947,-120.368362,191.042007,7,600,58,3,"e00fce6850cac69f647dc199",2026-09-25 22:10:06.513,2026-09-25 22:10:06.685,2026-09-25 22:10:06.685,2026-09-25
"1319","svtalOh46A","MOOSPMv3Parser",1790374201,1,1,0,1,1,0,0,1,1,0,432,116,219311,16,0,0,0,0,35,12,0,0,35,41,24,21,35.748,99,3277,6.4e-05,0.002307,13161.265625,9,600,58,3,"e00fce68e28dcbc9a589be10",2026-09-25 22:10:09.975,2026-09-25 22:10:10.147,2026-09-25 22:10:10.147,2026-09-25
"1320","h46sjMO955","MOOSPMv3Parser",1790374801,0,0,2,0,0,3,3,0,0,4,832,59,86023,6,14,1,15,15,30,22,15,1,32,34,30,32,35.721,141,1,36.503128,-120.325356,52.723999,6,600,58,3,"e00fce68e77e43df92405fdb",2026-09-25 22:20:02.863,2026-09-25 22:20:03.059,2026-09-25 22:20:03.059,2026-09-25
"1321","SJR9JME19L","MOOSPMv3Parser",1790374800,0,0,0,1,1,0,0,2,2,0,586,107,0,20,0,2,0,0,32,16,0,2,34,37,28,27,26.948,26,3,36.187515,-119.822105,23.684,8,600,58,3,"e00fce68e739ecbcf9e91965",2026-09-25 22:20:02.999,2026-09-25 22:20:03.137,2026-09-25 22:20:03.137,2026-09-25
"1322","d8t4GUtFV0","MOOSPMv3Parser",1790374801,3,3,3,5,5,6,8,6,6,9,865,225,287342,37,23,4,26,26,30,17,26,1,32,34,27,27,33.025,13,2,35.94949,-119.049965,102.116997,6,600,58,3,"e00fce6808784ceaf209f949",2026-09-25 22:20:03.383,2026-09-25 22:20:03.539,2026-09-25 22:20:03.539,2026-09-25
"1323","SXzAdXj7Iu","MOOSPMv3Parser",1790374801,0,0,2,0,0,2,2,0,0,2,225,129,63884,21,14,1,14,14,34,24,14,0,34,39,26,22,23.688,158,1,36.198807,-120.104492,74.850998,7,600,58,3,"e00fce686dc2ef0a68fa40b0",2026-09-25 22:20:03.429,2026-09-25 22:20:03.609,2026-09-25 22:20:03.609,2026-09-25
"1324","VZDZdQqbBj","MOOSPMv3Parser",1790374800,1,1,2,2,2,3,3,2,2,4,1051,122,191118,15,13,2,14,14,33,18,14,1,34,37,27,26,31.957,66,1,35.775059,-119.238495,65.320999,7,600,58,3,"e00fce68e88237db75a60608",2026-09-25 22:20:03.463,2026-09-25 22:20:03.63,2026-09-25 22:20:03.63,2026-09-25
"1325","INSLNKcQLR","MOOSPMv3Parser",1790374801,9,9,5,12,12,6,6,13,13,6,1827,499,170278,69,42,2,42,42,33,20,42,0,32,38,29,25,47.158,26,4,36.523399,-119.278793,81.811996,5,600,58,3,"e00fce68f12da1a0c5de6248",2026-09-25 22:20:03.64,2026-09-25 22:20:03.789,2026-09-25 22:20:03.789,2026-09-25
"1326","ADFtpdCl0w","MOOSPMv3Parser",1790374801,0,0,2,0,0,3,4,1,1,5,235,148,151603,23,15,3,17,17,35,22,17,1,35,38,24,23,25.486,24,1,35.963203,-119.291801,32.671001,8,600,58,3,"e00fce68d6b773b56ce8baa0",2026-09-25 22:20:03.61,2026-09-25 22:20:03.841,2026-09-25 22:20:03.841,2026-09-25
"1327","srKIukeNGs","MOOSPMv3Parser",1790374801,0,0,1,1,1,3,5,2,2,5,243,72,231285,17,9,4,11,11,0,0,11,1,33,35,28,30,20.32,83,5,36.43362,-119.923325,18.507999,5,600,58,3,"e00fce6876826e255108c6bd",2026-09-25 22:20:03.873,2026-09-25 22:20:04.058,2026-09-25 22:20:04.058,2026-09-25
"1328","DW4yVZHhvS","MOOSPMv3Parser",1790374800,0,0,1,1,1,1,1,1,1,1,469,92,334658,13,9,1,10,10,35,9,10,0,40,41,18,20,512.525,121,1,36.138947,-120.368362,191.046005,0,600,58,3,"e00fce6850cac69f647dc199",2026-09-25 22:20:06.685,2026-09-25 22:20:06.85,2026-09-25 22:20:06.85,2026-09-25
"1329","C4HDPAONsB","MOOSPMv3Parser",1790374801,1,1,0,1,1,0,0,2,2,0,457,123,219311,17,0,1,0,0,35,12,0,0,36,40,23,21,34.677,116,3277,6.4e-05,0.002307,13161.265625,9,600,58,3,"e00fce68e28dcbc9a589be10",2026-09-25 22:20:09.936,2026-09-25 22:20:10.174,2026-09-25 22:20:10.174,2026-09-25
"1330","Vcz403Wfzw","MOOSPMv3Parser",1790375401,0,0,1,0,0,1,1,0,0,1,159,73,63891,8,8,1,8,8,34,24,8,0,33,39,26,22,23.998,130,1,36.19886,-120.104439,85.593002,6,600,58,3,"e00fce686dc2ef0a68fa40b0",2026-09-25 22:30:02.443,2026-09-25 22:30:02.637,2026-09-25 22:30:02.637,2026-09-25
"1331","nChp93noAP","MOOSPMv3Parser",1790375401,0,0,1,1,1,1,1,1,1,2,887,63,86028,6,6,0,6,7,30,22,7,1,32,34,30,31,37.194,124,1,36.503136,-120.325424,51.32,6,600,58,3,"e00fce68e77e43df92405fdb",2026-09-25 22:30:02.861,2026-09-25 22:30:03.015,2026-09-25 22:30:03.015,2026-09-25
"1332","KyMMCfu8vU","MOOSPMv3Parser",1790375400,0,0,0,2,2,0,0,2,2,0,605,115,0,22,0,3,0,0,32,16,0,2,34,37,28,27,27.316,25,3,36.1875,-119.822014,37.421001,9,600,58,3,"e00fce68e739ecbcf9e91965",2026-09-25 22:30:02.955,2026-09-25 22:30:03.148,2026-09-25 22:30:03.148,2026-09-25
"1333","QrtP1xsaRE","MOOSPMv3Parser",1790375401,0,0,2,0,0,3,3,1,1,3,249,160,151616,22,17,3,17,17,35,23,17,1,35,38,24,23,27.218,14,1,35.963169,-119.291756,32.688,8,600,58,3,"e00fce68d6b773b56ce8baa0",2026-09-25 22:30:03.351,2026-09-25 22:30:03.495,2026-09-25 22:30:03.495,2026-09-25
"1334","kimYAsY4LR","MOOSPMv3Parser",1790375401,9,9,6,13,13,6,6,13,13,6,1869,517,170316,71,43,2,43,43,32,22,43,0,32,37,31,27,47.481,23,5,36.523327,-119.278862,77.627998,7,600,58,3,"e00fce68f12da1a0c5de6248",2026-09-25 22:30:03.445,2026-09-25 22:30:03.657,2026-09-25 22:30:03.657,2026-09-25
"1335","G2Uv6zh6Za","MOOSPMv3Parser",1790375400,1,1,2,2,2,3,3,3,3,4,1045,121,191126,16,13,2,14,14,32,18,14,1,34,37,27,26,32.857,51,1,35.775082,-119.238533,61.473999,8,600,58,3,"e00fce68e88237db75a60608",2026-09-25 22:30:03.544,2026-09-25 22:30:03.691,2026-09-25 22:30:03.691,2026-09-25
"1336","HwlIiJG6bR","MOOSPMv3Parser",1790375401,3,3,2,4,4,4,5,5,5,5,806,209,287358,30,18,2,20,20,30,18,20,1,32,34,28,28,34.037,9,2,35.949623,-119.04995,118.239998,8,600,58,3,"e00fce6808784ceaf209f949",2026-09-25 22:30:03.542,2026-09-25 22:30:03.709,2026-09-25 22:30:03.709,2026-09-25
"1337","fZ1KV2fyH8","MOOSPMv3Parser",1790375401,0,0,1,1,1,3,5,2,2,5,232,67,231286,16,9,3,11,11,0,0,11,1,33,35,29,30,21.091,83,5,36.43362,-119.923401,23.931,8,600,58,3,"e00fce6876826e255108c6bd",2026-09-25 22:30:03.695,2026-09-25 22:30:03.904,2026-09-25 22:30:03.904,2026-09-25
"1338","ekxcLmPUxe","MOOSPMv3Parser",1790375400,0,0,1,1,1,1,1,1,1,1,457,84,334664,12,9,1,9,9,35,9,9,0,40,40,17,20,512.552,126,1,36.138985,-120.368355,169.981003,7,600,58,3,"e00fce6850cac69f647dc199",2026-09-25 22:30:06.91,2026-09-25 22:30:07.082,2026-09-25 22:30:07.082,2026-09-25
"1339","hFU4kCIfEQ","MOOSPMv3Parser",1790375401,1,1,0,1,1,0,0,1,1,0,452,121,219311,15,0,1,0,0,35,12,0,0,36,40,24,21,36.336,89,3277,6.4e-05,0.002307,13161.265625,9,600,58,3,"e00fce68e28dcbc9a589be10",2026-09-25 22:30:09.889,2026-09-25 22:30:10.043,2026-09-25 22:30:10.043,2026-09-25
"1340","7clVJZsPTI","MOOSPMv3Parser",1790376001,0,0,1,0,0,1,1,0,0,1,155,70,63896,8,7,1,7,7,34,24,7,1,34,39,25,22,23.798,123,1,36.198776,-120.104439,67.014,9,600,58,3,"e00fce686dc2ef0a68fa40b0",2026-09-25 22:40:02.774,2026-09-25 22:40:03.056,2026-09-25 22:40:03.056,2026-09-25
"1341","VZZfUWJA1F","MOOSPMv3Parser",1790376001,0,0,1,0,0,2,2,0,0,2,810,56,86035,6,8,1,9,9,30,21,9,1,32,34,29,31,35.634,136,1,36.503094,-120.325371,47.945999,5,600,58,3,"e00fce68e77e43df92405fdb",2026-09-25 22:40:03.016,2026-09-25 22:40:03.214,2026-09-25 22:40:03.214,2026-09-25
"1342","zzkk1BD5Vn","MOOSPMv3Parser",1790376000,1,1,0,2,2,0,0,3,3,0,659,123,0,22,0,4,0,0,33,15,0,2,34,37,27,26,27.931,24,3,36.187565,-119.822029,20.546,8,600,58,3,"e00fce68e739ecbcf9e91965",2026-09-25 22:40:03.087,2026-09-25 22:40:03.254,2026-09-25 22:40:03.254,2026-09-25
"1343","KgZI8p0HlO","MOOSPMv3Parser",1790376001,3,3,2,5,5,3,4,5,5,4,847,221,287374,38,18,3,19,19,30,18,19,1,32,34,29,29,35.649,7,3,35.949501,-119.049904,130.994003,8,600,58,3,"e00fce6808784ceaf209f949",2026-09-25 22:40:03.412,2026-09-25 22:40:03.616,2026-09-25 22:40:03.616,2026-09-25
"1344","PsQdRRG6wz","MOOSPMv3Parser",1790376001,10,10,6,13,13,6,6,13,13,6,1863,514,170356,71,46,3,46,46,32,21,46,0,32,36,29,26,46.746,23,6,36.523346,-119.278839,82.417999,9,600,58,3,"e00fce68f12da1a0c5de6248",2026-09-25 22:40:03.417,2026-09-25 22:40:03.626,2026-09-25 22:40:03.626,2026-09-25
"1345","sPAQYmjK5I","MOOSPMv3Parser",1790376001,0,0,2,0,0,2,3,0,0,3,236,148,151625,21,14,3,14,14,34,23,15,1,35,38,24,23,27.838,8,1,35.963154,-119.291893,34.449001,6,600,58,3,"e00fce68d6b773b56ce8baa0",2026-09-25 22:40:03.495,2026-09-25 22:40:03.709,2026-09-25 22:40:03.709,2026-09-25
"1346","NDPld0FNHp","MOOSPMv3Parser",1790376000,1,1,2,2,2,3,3,2,2,4,1029,117,191135,16,13,1,14,14,32,19,14,1,34,37,27,27,33.089,48,1,35.77504,-119.238533,74.874001,8,600,58,3,"e00fce68e88237db75a60608",2026-09-25 22:40:03.575,2026-09-25 22:40:03.793,2026-09-25 22:40:03.793,2026-09-25
"1347","U0JHBxE5XM","MOOSPMv3Parser",1790376001,0,0,1,2,2,3,4,2,2,5,239,72,231287,17,10,5,11,12,1,0,12,1,34,35,28,30,20.592,83,6,36.433701,-119.923409,27.110001,7,600,58,3,"e00fce6876826e255108c6bd",2026-09-25 22:40:03.688,2026-09-25 22:40:03.878,2026-09-25 22:40:03.878,2026-09-25
"1348","Q3xiRvG198","MOOSPMv3Parser",1790376000,0,0,1,0,0,1,1,0,0,1,465,79,334669,10,8,1,8,8,35,9,8,0,40,40,17,20,512.533,152,1,36.139008,-120.36837,171.552994,7,600,58,3,"e00fce6850cac69f647dc199",2026-09-25 22:40:06.988,2026-09-25 22:40:07.197,2026-09-25 22:40:07.197,2026-09-25
"1349","dTcyLs7rwz","MOOSPMv3Parser",1790376001,0,0,0,1,1,0,0,1,1,0,382,101,219311,13,0,1,0,0,35,13,0,0,36,40,24,22,35.073,95,3277,6.4e-05,0.002307,13161.265625,9,600,58,3,"e00fce68e28dcbc9a589be10",2026-09-25 22:40:09.931,2026-09-25 22:40:10.106,2026-09-25 22:40:10.106,2026-09-25
"1350","oFpLO2u3k8","MOOSPMv3Parser",1790376601,0,0,2,0,0,3,4,0,0,4,838,56,86047,5,15,0,16,16,30,21,16,1,32,34,29,31,36.09,133,1,36.503094,-120.325371,47.951,0,600,58,3,"e00fce68e77e43df92405fdb",2026-09-25 22:50:02.853,2026-09-25 22:50:03.027,2026-09-25 22:50:03.027,2026-09-25
"1351","nyTPVVNxpn","MOOSPMv3Parser",1790376600,0,0,0,2,2,0,0,2,2,0,652,117,0,20,0,3,0,0,33,15,0,2,34,37,27,26,28.255,25,3,36.187603,-119.821854,67.072998,9,600,58,3,"e00fce68e739ecbcf9e91965",2026-09-25 22:50:02.857,2026-09-25 22:50:03.039,2026-09-25 22:50:03.039,2026-09-25
"1352","wd6qGXVh1b","MOOSPMv3Parser",1790376601,0,0,1,0,0,1,1,0,0,2,157,72,63903,8,8,1,8,8,34,24,8,1,34,39,25,22,24.214,120,1,36.198795,-120.104454,76.980003,10,600,58,3,"e00fce686dc2ef0a68fa40b0",2026-09-25 22:50:03.159,2026-09-25 22:50:03.348,2026-09-25 22:50:03.348,2026-09-25
"1353","gu19iUGYUZ","MOOSPMv3Parser",1790376601,0,0,2,0,0,3,4,1,1,4,248,157,151639,25,16,3,17,17,35,23,17,1,35,38,24,24,27.907,8,1,35.96312,-119.291832,50.07,5,600,58,3,"e00fce68d6b773b56ce8baa0",2026-09-25 22:50:03.369,2026-09-25 22:50:03.58,2026-09-25 22:50:03.58,2026-09-25
"1354","ys8NHgYrYP","MOOSPMv3Parser",1790376601,4,4,3,6,6,4,5,6,6,5,924,241,287391,37,21,4,22,22,29,20,22,1,32,33,30,30,35.467,6,3,35.949596,-119.049934,112.573997,7,600,58,3,"e00fce6808784ceaf209f949",2026-09-25 22:50:03.368,2026-09-25 22:50:03.592,2026-09-25 22:50:03.592,2026-09-25
"1355","i2ckhZm0Lt","MOOSPMv3Parser",1790376600,2,2,2,2,2,3,4,3,3,4,1111,133,191144,16,13,2,14,15,32,19,15,1,34,37,28,27,33.551,49,1,35.775063,-119.23851,71.668999,8,600,58,3,"e00fce68e88237db75a60608",2026-09-25 22:50:03.464,2026-09-25 22:50:03.613,2026-09-25 22:50:03.613,2026-09-25
"1356","88UdnC952Z","MOOSPMv3Parser",1790376601,9,9,6,12,12,6,6,13,13,6,1756,487,170394,66,44,2,45,45,31,22,45,0,32,36,30,28,48.179,12,7,36.523266,-119.278893,63.575001,7,600,58,3,"e00fce68f12da1a0c5de6248",2026-09-25 22:50:03.586,2026-09-25 22:50:03.84,2026-09-25 22:50:03.84,2026-09-25
"1357","M0WOd5buQd","MOOSPMv3Parser",1790376601,0,0,1,1,1,3,4,2,2,5,220,65,231287,14,9,2,11,11,0,0,11,1,33,35,27,29,21.5,83,6,36.43351,-119.92334,19.715,6,600,58,3,"e00fce6876826e255108c6bd",2026-09-25 22:50:03.759,2026-09-25 22:50:03.92,2026-09-25 22:50:03.92,2026-09-25
"1358","KCtC03bYoq","MOOSPMv3Parser",1790376600,0,0,1,0,0,1,1,0,0,1,408,73,334672,10,8,1,8,8,35,9,8,0,40,40,17,20,512.534,155,1,36.139004,-120.368347,173.026001,6,600,58,3,"e00fce6850cac69f647dc199",2026-09-25 22:50:06.367,2026-09-25 22:50:06.682,2026-09-25 22:50:06.682,2026-09-25
"1359","raTGAku6Ca","MOOSPMv3Parser",1790376601,0,0,0,0,0,0,0,1,1,0,320,87,219311,13,0,1,0,0,35,13,0,0,36,40,24,22,33.831,110,3277,6.4e-05,0.002307,13161.265625,9,600,58,3,"e00fce68e28dcbc9a589be10",2026-09-25 22:50:10.106,2026-09-25 22:50:10.328,2026-09-25 22:50:10.328,2026-09-25
"1360","SEP4qU7qt2","MOOSPMv3Parser",1790377200,0,0,0,2,2,0,0,3,3,0,664,123,0,25,0,4,0,0,32,15,0,2,34,37,26,26,28.88,21,3,36.187546,-119.822021,44.464001,7,600,58,3,"e00fce68e739ecbcf9e91965",2026-09-25 23:00:02.846,2026-09-25 23:00:03.408,2026-09-25 23:00:03.408,2026-09-25
"1361","xa07Cepw6V","MOOSPMv3Parser",1790377201,0,0,2,0,0,3,4,0,0,4,850,57,86062,7,19,0,19,19,30,22,19,1,32,34,30,32,37.338,114,1,36.503128,-120.325272,60.481998,7,600,58,3,"e00fce68e77e43df92405fdb",2026-09-25 23:00:03.004,2026-09-25 23:00:03.544,2026-09-25 23:00:03.544,2026-09-25
"1362","K6vwH8NQK1","MOOSPMv3Parser",1790377201,0,0,2,0,0,2,2,0,0,3,158,72,63913,8,12,1,13,13,34,23,13,1,34,39,25,21,25.423,137,1,36.198837,-120.104485,67.471001,9,600,58,3,"e00fce686dc2ef0a68fa40b0",2026-09-25 23:00:03.478,2026-09-25 23:00:04.037,2026-09-25 23:00:04.037,2026-09-25
"1363","dKXG5AD1D4","MOOSPMv3Parser",1790377200,1,1,2,2,2,3,4,3,3,4,1038,131,191152,19,12,2,13,14,32,19,14,1,34,37,27,27,33.728,43,1,35.774696,-119.238586,54.875999,7,600,58,3,"e00fce68e88237db75a60608",2026-09-25 23:00:03.545,2026-09-25 23:00:04.057,2026-09-25 23:00:04.057,2026-09-25
"1364","Sj2xqMXj9y","MOOSPMv3Parser",1790377201,4,4,3,5,5,4,5,6,6,6,907,241,287408,38,21,3,22,23,29,20,23,1,32,33,29,30,35.658,6,4,35.949665,-119.049957,104.487999,7,600,58,3,"e00fce6808784ceaf209f949",2026-09-25 23:00:03.48,2026-09-25 23:00:04.213,2026-09-25 23:00:04.213,2026-09-25
"1365","lFDR53seIK","MOOSPMv3Parser",1790377201,0,0,1,1,1,3,4,2,2,4,263,79,231291,14,10,2,11,12,0,0,12,1,33,34,27,29,21.457,83,7,36.433548,-119.923424,16.732,8,600,58,3,"e00fce6876826e255108c6bd",2026-09-25 23:00:03.688,2026-09-25 23:00:04.216,2026-09-25 23:00:04.216,2026-09-25
"1366","0d6QGXn6K8","MOOSPMv3Parser",1790377201,9,9,6,13,13,6,6,13,13,6,1882,518,170434,72,45,3,45,45,31,23,45,0,32,35,30,28,48.233,22,10,36.523403,-119.27877,63.374001,7,600,58,3,"e00fce68f12da1a0c5de6248",2026-09-25 23:00:03.679,2026-09-25 23:00:04.23,2026-09-25 23:00:04.23,2026-09-25
"1367","AzquCi1cRc","MOOSPMv3Parser",1790377201,0,0,2,0,0,3,3,0,0,4,231,146,151648,21,14,2,15,15,35,23,16,1,35,38,24,23,26.758,23,1,35.963161,-119.29187,27.187,7,600,58,3,"e00fce68d6b773b56ce8baa0",2026-09-25 23:00:03.532,2026-09-25 23:00:04.83,2026-09-25 23:00:04.83,2026-09-25
"1368","F46UCGssbt","MOOSPMv3Parser",1790377200,0,0,1,0,0,1,1,0,0,1,405,77,334674,11,8,1,8,8,35,9,8,0,39,40,18,21,512.543,135,1,36.138966,-120.368431,181.656006,8,600,58,3,"e00fce6850cac69f647dc199",2026-09-25 23:00:06.673,2026-09-25 23:00:06.853,2026-09-25 23:00:06.853,2026-09-25
"1369","LdErnHqvx9","MOOSPMv3Parser",1790377201,0,0,0,1,1,0,0,1,1,0,355,93,219311,13,0,2,0,0,35,13,0,0,36,40,25,22,33.923,99,3277,6.4e-05,0.002307,13161.265625,9,600,58,3,"e00fce68e28dcbc9a589be10",2026-09-25 23:00:09.965,2026-09-25 23:00:10.119,2026-09-25 23:00:10.119,2026-09-25
"1370","Lyb9zjjTkk","MOOSPMv3Parser",1790377801,0,0,1,0,0,1,1,0,0,1,151,68,63918,6,7,0,7,7,34,23,7,1,34,39,25,21,24.928,103,1,36.198837,-120.104485,67.471001,0,600,58,3,"e00fce686dc2ef0a68fa40b0",2026-09-25 23:10:02.433,2026-09-25 23:10:02.634,2026-09-25 23:10:02.634,2026-09-25
"1371","H4GE6KKr6A","MOOSPMv3Parser",1790377801,0,0,1,0,0,1,2,0,0,2,855,55,86068,6,8,1,8,8,30,20,8,1,33,34,28,30,36.86,127,1,36.50304,-120.325462,45.369999,6,600,58,3,"e00fce68e77e43df92405fdb",2026-09-25 23:10:02.805,2026-09-25 23:10:03.006,2026-09-25 23:10:03.006,2026-09-25
"1372","Sv9vePDh28","MOOSPMv3Parser",1790377800,1,1,0,2,2,0,0,3,3,0,673,127,0,26,0,3,0,0,32,15,0,2,34,37,27,26,29.275,17,3,36.187538,-119.822044,39.305,5,600,58,3,"e00fce68e739ecbcf9e91965",2026-09-25 23:10:03.088,2026-09-25 23:10:03.297,2026-09-25 23:10:03.297,2026-09-25
"1373","sM0HAmwHKK","MOOSPMv3Parser",1790377801,0,0,2,0,0,3,4,0,0,4,249,158,151662,24,17,3,18,19,35,23,19,1,34,38,25,24,27.881,23,1,35.963173,-119.29184,65.093002,8,600,58,3,"e00fce68d6b773b56ce8baa0",2026-09-25 23:10:03.368,2026-09-25 23:10:03.56,2026-09-25 23:10:03.56,2026-09-25
"1374","szoA2RPlig","MOOSPMv3Parser",1790377801,3,3,3,5,5,4,5,6,6,6,866,225,287424,37,21,3,22,22,29,20,22,1,32,33,29,29,35.184,7,4,35.949665,-119.049957,104.491997,0,600,58,3,"e00fce6808784ceaf209f949",2026-09-25 23:10:03.51,2026-09-25 23:10:03.724,2026-09-25 23:10:03.724,2026-09-25
"1375","2jCccpDuvv","MOOSPMv3Parser",1790377800,1,1,2,2,2,3,4,2,2,4,1055,125,191161,16,13,2,14,15,32,19,15,1,34,37,27,27,34.454,37,1,35.774696,-119.238586,54.875999,0,600,58,3,"e00fce68e88237db75a60608",2026-09-25 23:10:03.543,2026-09-25 23:10:03.747,2026-09-25 23:10:03.747,2026-09-25
"1376","AcfOMKd8zn","MOOSPMv3Parser",1790377801,9,9,6,12,12,6,6,13,13,6,1758,488,170472,68,43,3,43,43,30,22,43,0,32,35,28,27,47.435,10,13,36.523342,-119.278831,80.461998,7,600,58,3,"e00fce68f12da1a0c5de6248",2026-09-25 23:10:03.682,2026-09-25 23:10:03.832,2026-09-25 23:10:03.832,2026-09-25
"1377","a8CCn6qiWH","MOOSPMv3Parser",1790377801,0,0,1,1,1,3,3,2,2,4,222,66,231292,13,9,2,10,10,0,0,11,1,34,34,28,30,21.372,83,7,36.433533,-119.923401,17.886999,7,600,58,3,"e00fce6876826e255108c6bd",2026-09-25 23:10:03.687,2026-09-25 23:10:03.911,2026-09-25 23:10:03.911,2026-09-25
"1378","EFYFIPlgnk","MOOSPMv3Parser",1790377800,0,0,1,0,0,2,2,0,0,2,369,68,334679,10,10,1,10,10,34,10,10,0,39,39,19,21,512.663,134,1,36.139038,-120.36837,170.973999,5,600,58,3,"e00fce6850cac69f647dc199",2026-09-25 23:10:07.095,2026-09-25 23:10:07.251,2026-09-25 23:10:07.251,2026-09-25
"1379","P3n9gXC4e3","MOOSPMv3Parser",1790377801,0,0,0,1,1,0,0,1,1,0,347,90,219311,12,0,1,0,0,34,12,0,0,36,40,23,21,34.199,101,3277,6.4e-05,0.002307,13161.265625,9,600,58,3,"e00fce68e28dcbc9a589be10",2026-09-25 23:10:09.971,2026-09-25 23:10:10.129,2026-09-25 23:10:10.129,2026-09-25
"1380","QCAGD3ThID","MOOSPMv3Parser",1790378401,0,0,1,0,0,1,1,0,0,1,159,71,63924,7,7,1,8,8,34,24,8,1,34,39,26,22,24.94,125,1,36.198753,-120.104431,76.466003,5,600,58,3,"e00fce686dc2ef0a68fa40b0",2026-09-25 23:20:02.825,2026-09-25 23:20:02.985,2026-09-25 23:20:02.985,2026-09-25
"1381","Qb1xlXkPY7","MOOSPMv3Parser",1790378401,0,0,7,0,0,8,9,0,0,10,880,54,86110,6,50,1,52,52,30,21,52,1,32,34,28,30,37.346,108,1,36.503109,-120.325333,49.923,8,600,58,3,"e00fce68e77e43df92405fdb",2026-09-25 23:20:03.015,2026-09-25 23:20:03.192,2026-09-25 23:20:03.192,2026-09-25
"1382","u7AbeGNwcS","MOOSPMv3Parser",1790378400,1,1,0,2,2,0,0,2,2,0,665,122,0,21,0,2,0,0,32,15,0,2,34,37,26,26,29.832,14,4,36.187508,-119.822144,22.103001,7,600,58,3,"e00fce68e739ecbcf9e91965",2026-09-25 23:20:03.178,2026-09-25 23:20:03.441,2026-09-25 23:20:03.441,2026-09-25
"1383","QqNen6ERva","MOOSPMv3Parser",1790378401,3,3,3,5,5,4,5,6,6,5,934,243,287442,39,22,3,23,23,29,19,23,1,32,33,29,29,35.946,6,4,35.949577,-119.050018,114.758003,5,600,58,3,"e00fce6808784ceaf209f949",2026-09-25 23:20:03.389,2026-09-25 23:20:03.558,2026-09-25 23:20:03.558,2026-09-25
"1384","xAtMHDtKjz","MOOSPMv3Parser",1790378400,2,2,2,3,3,3,4,3,3,4,1073,134,191170,19,14,2,15,15,32,19,15,1,34,37,27,27,35.625,34,1,35.775021,-119.238556,59.973,8,600,58,3,"e00fce68e88237db75a60608",2026-09-25 23:20:03.465,2026-09-25 23:20:03.697,2026-09-25 23:20:03.697,2026-09-25
"1385","jkfMzVFCXs","MOOSPMv3Parser",1790378401,0,0,2,0,0,3,4,0,0,4,248,157,151674,23,16,3,16,17,35,23,17,1,35,38,25,24,29.085,11,1,35.9632,-119.291779,49.951,7,600,58,3,"e00fce68d6b773b56ce8baa0",2026-09-25 23:20:03.532,2026-09-25 23:20:03.706,2026-09-25 23:20:03.706,2026-09-25
"1386","NT0gMUUW6L","MOOSPMv3Parser",1790378401,8,8,5,11,11,6,6,12,12,6,1645,455,170508,61,42,3,42,42,30,23,42,0,32,34,29,28,46.516,10,14,36.523453,-119.278786,70.100998,7,600,58,3,"e00fce68f12da1a0c5de6248",2026-09-25 23:20:03.602,2026-09-25 23:20:03.76,2026-09-25 23:20:03.76,2026-09-25
"1387","xMbdgu7K73","MOOSPMv3Parser",1790378401,0,0,1,1,1,3,4,1,1,4,214,62,231293,13,9,3,10,11,0,0,11,1,33,34,28,30,21.436,83,7,36.433487,-119.923355,19.274,12,600,58,3,"e00fce6876826e255108c6bd",2026-09-25 23:20:03.833,2026-09-25 23:20:04.031,2026-09-25 23:20:04.031,2026-09-25
"1388","Vr5zDilptI","MOOSPMv3Parser",1790378400,0,0,1,0,0,1,1,0,0,1,317,54,334680,8,6,1,7,7,34,10,7,1,39,39,19,22,512.601,122,1,36.139042,-120.368355,143.503006,6,600,58,3,"e00fce6850cac69f647dc199",2026-09-25 23:20:07.151,2026-09-25 23:20:07.468,2026-09-25 23:20:07.468,2026-09-25
"1389","kfgavW15j1","MOOSPMv3Parser",1790378401,0,0,0,1,1,0,0,1,1,0,390,102,219311,15,0,1,0,0,34,12,0,0,36,40,23,21,34.556,104,3277,6.4e-05,0.002307,13161.265625,9,600,58,3,"e00fce68e28dcbc9a589be10",2026-09-25 23:20:10.03,2026-09-25 23:20:10.22,2026-09-25 23:20:10.22,2026-09-25
"1390","mOdnKLii5J","MOOSPMv3Parser",1790379001,0,0,2,1,1,2,3,1,1,3,872,59,86121,6,14,1,14,14,30,20,14,1,32,34,29,30,37.052,117,1,36.503109,-120.32547,45.991001,6,600,58,3,"e00fce68e77e43df92405fdb",2026-09-25 23:30:02.782,2026-09-25 23:30:02.947,2026-09-25 23:30:02.947,2026-09-25
"1391","eOziaDTAjR","MOOSPMv3Parser",1790379000,1,1,0,2,2,0,0,3,3,0,706,134,0,24,0,3,0,0,32,15,0,2,34,37,26,26,29.821,13,5,36.187508,-119.822144,22.107,0,600,58,3,"e00fce68e739ecbcf9e91965",2026-09-25 23:30:03.087,2026-09-25 23:30:03.246,2026-09-25 23:30:03.246,2026-09-25
"1392","HuATeBIZzn","MOOSPMv3Parser",1790379001,0,0,1,0,0,2,2,0,0,2,164,77,63931,9,9,1,10,10,34,25,10,1,34,38,27,23,25.006,139,1,36.198746,-120.104462,71.365997,10,600,58,3,"e00fce686dc2ef0a68fa40b0",2026-09-25 23:30:03.164,2026-09-25 23:30:03.319,2026-09-25 23:30:03.319,2026-09-25
"1393","ZDyKob99Mh","MOOSPMv3Parser",1790379001,3,3,3,6,6,4,6,6,6,6,899,236,287461,39,23,3,24,24,29,19,24,1,32,33,28,29,35.689,6,4,35.949554,-119.049995,110.839996,6,600,58,3,"e00fce6808784ceaf209f949",2026-09-25 23:30:03.348,2026-09-25 23:30:03.523,2026-09-25 23:30:03.523,2026-09-25
"1394","zqGOQANXQI","MOOSPMv3Parser",1790379001,0,0,2,0,0,3,3,0,0,4,251,161,151689,25,17,3,17,17,35,23,17,1,35,38,25,24,28.989,9,1,35.963158,-119.291817,52.425999,13,600,58,3,"e00fce68d6b773b56ce8baa0",2026-09-25 23:30:03.467,2026-09-25 23:30:03.599,2026-09-25 23:30:03.599,2026-09-25
"1395","3DLPeoL9bJ","MOOSPMv3Parser",1790379000,2,2,2,3,3,3,4,3,3,4,1135,143,191182,23,15,2,16,16,32,19,16,1,34,36,26,27,36.12,31,1,35.775078,-119.238472,63.062,10,600,58,3,"e00fce68e88237db75a60608",2026-09-25 23:30:03.545,2026-09-25 23:30:03.695,2026-09-25 23:30:03.695,2026-09-25
"1396","uF8EBFIQBQ","MOOSPMv3Parser",1790379001,0,0,1,1,1,2,3,1,1,4,215,64,231294,12,9,1,10,10,0,0,10,1,33,34,27,29,21.765,83,7,36.433487,-119.923355,19.268,0,600,58,3,"e00fce6876826e255108c6bd",2026-09-25 23:30:03.696,2026-09-25 23:30:03.889,2026-09-25 23:30:03.889,2026-09-25
"1397","w85NsUjcgo","MOOSPMv3Parser",1790379001,9,9,5,12,12,6,6,12,12,6,1699,470,170546,65,43,2,43,43,30,24,43,0,32,34,30,29,46.854,11,16,36.523369,-119.278816,73.117996,7,600,58,3,"e00fce68f12da1a0c5de6248",2026-09-25 23:30:03.751,2026-09-25 23:30:03.95,2026-09-25 23:30:03.95,2026-09-25
"1398","cr5U6wq75j","MOOSPMv3Parser",1790379000,0,0,1,0,0,1,1,0,0,1,309,55,334681,8,7,0,7,7,33,10,7,1,39,38,19,22,512.639,113,1,36.139027,-120.368393,190.302002,6,600,58,3,"e00fce6850cac69f647dc199",2026-09-25 23:30:06.499,2026-09-25 23:30:06.629,2026-09-25 23:30:06.629,2026-09-25
"1399","ZjrPIfXEBf","MOOSPMv3Parser",1790379001,0,0,0,1,1,0,0,1,1,0,411,111,219311,18,0,1,0,0,34,13,0,0,36,40,24,22,34.728,95,3277,6.4e-05,0.002307,13161.265625,9,600,58,3,"e00fce68e28dcbc9a589be10",2026-09-25 23:30:10.143,2026-09-25 23:30:10.318,2026-09-25 23:30:10.318,2026-09-25
"1400","HejOFzugyw","MOOSPMv3Parser",1790379601,0,0,1,0,0,1,2,0,0,2,893,51,86127,5,7,0,8,8,30,21,8,1,33,34,28,31,37.28,118,1,36.503105,-120.325302,67.500999,6,600,58,3,"e00fce68e77e43df92405fdb",2026-09-25 23:40:02.865,2026-09-25 23:40:03.017,2026-09-25 23:40:03.017,2026-09-25
"1401","4h8EWjBgIV","MOOSPMv3Parser",1790379600,1,1,0,2,2,0,0,3,3,0,674,127,0,24,0,4,0,0,32,15,0,2,34,36,27,27,30.521,11,6,36.187462,-119.822037,24.542999,8,600,58,3,"e00fce68e739ecbcf9e91965",2026-09-25 23:40:02.928,2026-09-25 23:40:03.133,2026-09-25 23:40:03.133,2026-09-25
"1402","ilaqnUgYAu","MOOSPMv3Parser",1790379601,4,4,2,6,6,3,4,6,6,4,942,246,287477,38,19,2,20,20,29,18,20,1,32,33,28,29,35.74,7,4,35.949539,-119.050026,113.374001,10,600,58,3,"e00fce6808784ceaf209f949",2026-09-25 23:40:03.309,2026-09-25 23:40:03.487,2026-09-25 23:40:03.487,2026-09-25
"1403","iVOFCNJ46v","MOOSPMv3Parser",1790379601,8,8,5,11,11,5,5,11,11,5,1626,444,170580,60,40,2,40,40,30,23,40,0,32,34,28,28,44.896,14,17,36.523155,-119.278831,79.046997,7,600,58,3,"e00fce68f12da1a0c5de6248",2026-09-25 23:40:03.493,2026-09-25 23:40:03.714,2026-09-25 23:40:03.714,2026-09-25
"1404","O12NikeJud","MOOSPMv3Parser",1790379601,0,0,1,0,0,2,2,0,0,2,152,68,63939,8,10,1,11,11,33,26,11,1,33,38,27,24,25.654,117,1,36.198833,-120.104469,73.425003,12,600,58,3,"e00fce686dc2ef0a68fa40b0",2026-09-25 23:40:03.649,2026-09-25 23:40:03.854,2026-09-25 23:40:03.854,2026-09-25
"1405","Sqh2UO3rlt","MOOSPMv3Parser",1790379601,1,1,3,3,3,6,8,5,5,10,364,112,231303,27,17,6,20,21,0,0,21,1,33,34,28,31,21.814,84,7,36.433548,-119.923363,22.469,12,600,58,3,"e00fce6876826e255108c6bd",2026-09-25 23:40:03.687,2026-09-25 23:40:03.872,2026-09-25 23:40:03.872,2026-09-25
"1406","cfBCWkzoFV","MOOSPMv3Parser",1790379601,0,0,3,1,1,4,4,1,1,5,254,164,151705,26,20,4,21,21,35,23,21,1,35,38,25,24,29.215,9,1,35.963158,-119.29187,48.978001,8,600,58,3,"e00fce68d6b773b56ce8baa0",2026-09-25 23:40:03.693,2026-09-25 23:40:03.966,2026-09-25 23:40:03.966,2026-09-25
"1407","d92BWjB8oW","MOOSPMv3Parser",1790379600,2,2,2,3,3,3,4,3,3,4,1065,142,191194,18,16,2,17,17,32,18,17,1,34,36,26,26,36.451,29,1,35.775063,-119.238564,72.712997,12,600,58,3,"e00fce68e88237db75a60608",2026-09-25 23:40:03.698,2026-09-25 23:40:03.975,2026-09-25 23:40:03.975,2026-09-25
"1408","vNmK9RDyit","MOOSPMv3Parser",1790379600,0,0,1,0,0,1,1,1,1,1,280,51,334681,8,6,0,6,6,33,12,6,1,38,38,20,23,512.663,97,1,36.139061,-120.36834,162.367996,5,600,58,3,"e00fce6850cac69f647dc199",2026-09-25 23:40:06.747,2026-09-25 23:40:06.93,2026-09-25 23:40:06.93,2026-09-25
"1409","HhG3uo1GSv","MOOSPMv3Parser",1790379601,0,0,0,1,1,0,0,1,1,0,396,106,219311,17,0,1,0,0,34,13,0,0,36,40,23,22,34.68,95,3277,6.4e-05,0.002307,13161.265625,9,600,58,3,"e00fce68e28dcbc9a589be10",2026-09-25 23:40:09.962,2026-09-25 23:40:10.157,2026-09-25 23:40:10.157,2026-09-25
"1410","RhIGGarBhd","MOOSPMv3Parser",1790380201,0,0,1,0,0,1,1,0,0,2,904,50,86133,5,7,0,7,7,30,22,7,1,32,34,30,32,37.623,118,1,36.503128,-120.325302,63.119999,6,600,58,3,"e00fce68e77e43df92405fdb",2026-09-25 23:50:02.849,2026-09-25 23:50:03.127,2026-09-25 23:50:03.127,2026-09-25
"1411","AvWAlyWTwt","MOOSPMv3Parser",1790380200,0,0,0,2,2,0,0,3,3,0,637,121,0,22,0,4,0,0,32,15,0,2,34,36,26,26,29.488,18,6,36.187481,-119.822037,40.049999,8,600,58,3,"e00fce68e739ecbcf9e91965",2026-09-25 23:50:03.09,2026-09-25 23:50:03.248,2026-09-25 23:50:03.248,2026-09-25
"1412","3iJsmvaCS6","MOOSPMv3Parser",1790380201,4,4,4,6,6,5,5,7,7,6,1027,271,287499,41,27,3,28,29,29,18,29,1,32,33,27,28,36.75,6,4,35.949612,-119.04995,117.128998,8,600,58,3,"e00fce6808784ceaf209f949",2026-09-25 23:50:03.399,2026-09-25 23:50:03.596,2026-09-25 23:50:03.596,2026-09-25
"1413","NHFPo7pcIS","MOOSPMv3Parser",1790380201,7,7,4,9,9,5,5,9,9,5,1377,380,170610,52,35,2,35,35,30,22,35,0,32,34,27,27,43.454,11,16,36.523281,-119.278831,85.327003,7,600,58,3,"e00fce68f12da1a0c5de6248",2026-09-25 23:50:03.488,2026-09-25 23:50:03.676,2026-09-25 23:50:03.676,2026-09-25
"1414","qYEHwH449q","MOOSPMv3Parser",1790380201,0,0,2,0,0,3,4,1,1,4,252,160,151719,25,17,3,18,18,34,23,18,1,35,38,25,24,29.784,10,1,35.963123,-119.29184,38.119999,9,600,58,3,"e00fce68d6b773b56ce8baa0",2026-09-25 23:50:03.557,2026-09-25 23:50:03.817,2026-09-25 23:50:03.817,2026-09-25
"1415","Btn9OuO85y","MOOSPMv3Parser",1790380200,2,2,2,3,3,3,4,4,4,4,1142,160,191208,23,16,2,17,17,32,18,17,1,34,36,26,26,38.103,23,1,35.77504,-119.238518,55.768002,10,600,58,3,"e00fce68e88237db75a60608",2026-09-25 23:50:03.694,2026-09-25 23:50:03.882,2026-09-25 23:50:03.882,2026-09-25
"1416","xP9PduymIO","MOOSPMv3Parser",1790380201,0,0,1,0,0,2,2,0,0,2,156,73,63946,9,10,1,10,10,32,26,10,1,33,37,28,25,26.616,93,1,36.19883,-120.104469,76.985001,9,600,58,3,"e00fce686dc2ef0a68fa40b0",2026-09-25 23:50:03.822,2026-09-25 23:50:04.051,2026-09-25 23:50:04.051,2026-09-25
"1417","oQGIhryFgn","MOOSPMv3Parser",1790380201,0,0,1,1,1,3,4,1,1,4,228,67,231303,15,8,2,10,10,0,0,10,1,33,34,26,29,21.335,84,7,36.433647,-119.923416,27.854,9,600,58,3,"e00fce6876826e255108c6bd",2026-09-25 23:50:03.886,2026-09-25 23:50:04.076,2026-09-25 23:50:04.076,2026-09-25
"1418","dekeHZMGcZ","MOOSPMv3Parser",1790380200,0,0,1,1,1,1,1,1,1,1,306,56,334681,9,6,1,6,6,32,12,6,1,38,37,20,24,512.662,82,1,36.138985,-120.368355,181.725998,6,600,58,3,"e00fce6850cac69f647dc199",2026-09-25 23:50:07.059,2026-09-25 23:50:07.264,2026-09-25 23:50:07.264,2026-09-25
"1419","hQtYC0HyDv","MOOSPMv3Parser",1790380201,0,0,0,1,1,0,0,1,1,0,390,105,219311,16,0,1,0,0,34,12,0,0,36,39,22,21,35.029,80,3277,6.4e-05,0.002307,13161.265625,9,600,58,3,"e00fce68e28dcbc9a589be10",2026-09-25 23:50:10.102,2026-09-25 23:50:10.28,2026-09-25 23:50:10.28,2026-09-25
